3006631,1885124,2548942,1350486,3734368,3559010,1843196,1480428,2289919,2279338,2279191,341161,2949622,1210794,3221713,2288588,2983307,3579068,228904,3427000,1854456,2522599,2805550,2949054,2866266,3156469,1680846
2807606,1119655,1378148,805788,2944005,2548850,3379276,3379275,1568689
2236990,3005440,2941671,3004987,2834239,2984361,3421992,2213925,2902485,1589079,3539563,2338943,3185281,1909992,2949583,2740898
1813232,199079,3295925,1175085,3452508,2845599,583421,2443567,4575657,1939433,2859045,2228334,2530271,2706766,1746804
1632714,2933827,1632721,2533642,2652489,353378,4865620,2977441,1041356,353178,1307533,3569837,3576345,233102,499331,2162769,2969162,233045,353450,2533602,301884,1624238,2886512,1624216,199159,353269,2886484,1702818,1272362,3001360,3185150,3185218,3185163,2886504,2886467,1039123,3056972,1701987,2652515,228904,3199886,2904543,2933818,1632617,1657752,1632653,2162756,1632636,2494480,2933793,2989670,3731344,1039250,1039120,1480813,3842995,167980,3843001,3249431,3249403,2827963,1617042,3890690,331256,3056932,2651610,330779,1345273,2989668,2989665,3731239,2083376,2083374,2083389,2083371,4462997,4462763,2652579,4397361,3521550,499288,1541517,2154402,4427867
3521549,2933793,2933811,2933827,2933824,2933816,2933799,3521555,3521551,3521550,3521560,2652579,2652489,2651610,2652515,2652471,2231947,4910141,4794629,2762446,2762475,2762423,3056972,3057026,3056996,3056965,3056929,1701992,1701987,2879575,2879538,2203373
3638201,1014572,1014594,925786,926026,162627,162521,443332,2839386,1764795,3290815,3290730,1764942,3098733,2236465,1532611,1906062,583198,551401,3779372,1372555,3620376,2712311,2697083,187405,187417,1751919,1059801,1059798,415765,564296,350987,306864,2587690,2587643,925925,926197,926298,1175187,1175048,1604750,443192,2236463,787240
363580,1059727,3821504,1613965,2236463,1236138,2501976,1604680,465150,3774251,252219,2453053,3603129,3636899,443092,506131,433514,2458566,3578623,397043,2198150,3631920,965008,2247524,3291677,2275400,3690173,467483,1999599,2754176,1441084,1155179,371814,428723,1126648,2999209,3803702,1456752,1964998,3119562,1961040,606553,2802502,3244869,1470097,2859246,2709406,315984,1584135,1902341,2391664,97068,2436298,2236520,2015762,323311,3291385,3098731,187417,232172,3521357,939343,341078,3220926,1269007,4499528,3778042,249253,3230251
861779,3216767,2821282,1431742,2259340,3319021,1621178,1621191,98069,1268771,3216721,3343922,2430257,221471,3216729,2613519,1145938,1513966,1621138,3319187,3216854,2915318,3344034,3319180,3216722,3036667,2997963
3734781,3734771,2601968,56807,56927,56822,1513978,1513966,1513945,1268771,3763549,3590314,3216767,3216729,3216753,3216722,3216814,3216721,3216854,3216736,4572219,2152167,2152563,2152403,2152143,2152452,2152138,2152489,2152291,2152445,2152118,2152610,2152109,2152463,2149682,2149550,2149637,2149624,2149506,3496707,2086781,2086808,2086644,1266390,221471,220647,98069,99607,99100,3319021,3319155,3319081,3319085,3319180,3016308,2319856,2320229,615793,615790,2821641,2821751,2821310,2821499,1373317,1373078,2946129,2251781,2252098,2945784,2251801,2252017,2251802,2946012,2946322,3343093,3343347,3343922,3342989,3344034,3724165,1431848,1621138,1621178,2163390,2163523,2163375,3374004,1145938,1665894
2207106,902475
1338211,1338255,3020565,3293419,260202,184202,4494282
457628,2515681,2542981,664869,1104082
2422785,3620639,550271,2339701,402157,221681,2782995,2207711,1081394,1466615,2177597
1470171,506042,1321979,845818
658088,3779102,3021767,1881260,1104274,429013,2299523
2062219,1575199,2570544,2570652,2847426,3343795,550553,2817782,2817929,2817784,2817795,2883169,1345259,1345279,1345301,1345275,2908408,2908359,2908409,2949584,2949610,2949604,2949602,1931426,2905271,910509,2811494,2811487,2811420,2940539,2940558,2940515,1508993,1508998,1508995,3199864,3199878,1185406,1185399,2062019,2652579,2651610,2848946,1182932,1182965,1182983,1182990,1356510,1356500,1356524,1356539,2872943,3295801,2173270,2835744,2835791,330653,331256,330779,4865620,964260,964263,964250,1053159,1053309,1053165,1053354,2852002,2851995,2852005,2852010,518750,518773,1994497,3579030,3579068,3756374,3756265,719452,1820673,1820703,1820899,1820863,1605476,1963726,65101,65092,65088,65064,500790,2205955,2463094,2463073,2694258,2694265,2839295,2839261,3296131,2443549,2443567,676169,676164,676139,2902209,2902201,2902196,2902190,1648872,1648873,1805887,3534105,489534,813475,583409,180465,2406741,2406716,2406709,1466525,582965,582943,637208,4733003,193866,1942296,1072708,879601,879590,1941088,1826458,1826505,2066228,3111585,3111639,2844598,2905297,282555,3701378,3701291,2694264,2694253,3611615,1039123,935704,935690,935697,585958,339354,1345278,1545373,3793892
,614438
4457317,1467912,82641,3830889,535337,456332,3055957,2236356,222092,1046411,436324,1822173,1571658,3554835,3519396,2921495,3483148,436331,456323,1523654,4398180,1486766,2805197,157824,330925,880611,3039480,722461,3287594,3039475,592444,2036423,2978529,2203032,1486771,2221887,1181173,700588,3705551,4398220,284041,484751,711258,3106581,841520,1159418
1718566,1268472,116783,3644127,1035273,2248552,1368522,1756690,2282506,2309997,2345119,2879882,2911266,1316483,3152035,2412179,1631618,3695005,2430355,2121402,1025031,2718118,1123043,1791982,3569994,730444,1807344,2017599,1676222,1746922,394323,511245,132441,3672321,823214,2266354,1880462,1315333,2276040,3437710,3437683,1038937,4437049,2174605,223364,1948654,1242525,2942222,531665,2136099,1880707,279363,3278316,1667146,417432,3882413,3697052,1960067,288458,288464,1997907,1335124,3587902,3578304,2877517,1192621,3381731,3522449,3048624,1615690,502710,1090880,3437668,3048461,2095821,2593183,2359462,2584074,2463863,3084443,2650998,1880639,335108,1638726,2451058,3047455,3175697,4461722,2861341,3697429,2350992,855296,3281263,1765373,1832194,1832460,2726399,3437731,3324620,42960,2378550,717131,2081785,1038917,2372060,82741,731455,2345094,4756419,2007361,2181017,3828823,1452006,2041011,3270082,3007261,1912454,2331602,1492720,416989,3506432,2697757,2423408,2231104,1512584,1309604,1034453,1035271,3322216,1880568,635454,1425358,1820036,414227,1090880,3381720,1818860,1558667,1499078,3073075,2762519,3380601,2005151,4648073,1167552,4781084,3129753,2935048,932444,394240,2066759,2519405,3763280,3177731,1137381,23655,1146493
107466,3214607,531665,1038937,2360190,1659521,1591411,600525,3169212,2242869,223357,3047455,3348817,3354382,1448070,2861406,3381731,1828314,2861341,1206267,1192621,3121643,3204447,4892941,3322069,4399884,1680212,3853896,3697436,1433855,1640370,4756419,3381688,2861306,3378481,409713,3084175,3278316,1918292,2113227,1827366,346149,2428125,2823894,701946,1539805,1879902,4398318,1664552,1664584,469780,1058728,224925,3381720,723693,1861071,3150165,633328,2423696,1878403,676837,2122026,1861098,3250436,3099169,2548909,2507135,3331574,1117434,1797580,2721224,2133214,1325367
3697289,1842770,1288148
1211293,633528,1132420,2077831,3121713,2108490,1748032,3144257
3572981,1629241,2272471,2375279,1429783,3095162,4398752,1163536,1479273,672498,3683194,1223944,1945116,1082586,1122045,2375265,3095221,1429807,460728,3292731,1479293,1367393,3449056,1429784,2378539,3241296,1835048,1411829,4398635,1095766,1096226,2285795,1834878,110779,3573213,997720,4398528,4398604,3420925,1428018,1097372,3420481,4398516,2824677,2018341,2835296,1611709,4622403,1096894,2652714,1660062,3023128,3022755,1095761,1096141,181779
1907878,201733,3245773,4398526,3158836,7559,3159145,2716734,1475533,1122047,3562038,3624776,802696,1839570,4398658,254368,3700786,3616377,4398779,1850615,874930,829558,2997881,1490371,3381033
3813218,3818392,3868625,568987,3287780,444474,1231909,3816033,134408,476173,1017608,651146
2079569,3803186,2488450,2030569,2363667,1839570,3373818,3788660,756727,2931411,138748,1999885,2950596,431431,1599753,3724663,3724510,3786716,3786695,463289,2895494,1158377,1040937,290709,3793985,591218,2679960,2471476,3827576
1633212,1688041,2697570,2504008
2575661,1905361,2054905,1862967,2575822,1818562,1818493,2575999,1800856,1943611,1943637,170736,1500506,2246817,1088985,1101534,1101684,913990,3749919,3749993,3525582,4411164,172317,2955858,1102782,915407,1466615,1467026,1348346,1348338,718861,3749460,170807,2125936,554618,1143668,3435317,3434798,1466876,1467120,3498999,957863,1713616,416162,416781,416709,2701876,2701926,162943,163199,163201,524850,524873,270137,731250,581719,581658,2821024,1813317,2031067,3711183,3711393,2463591,2463568,810779,810790,2565881,1907670,1711176,3499139,3522146,3522122,2026594,1987453,2597021,2597046,807683,2576047,3550064,3522142,3522564,2246865,2246810,3124044,167628,1998417,209038,83333,811144,1336651,2375849
160398,4543769,1454523,682165,325578,1247668,564324,3284957,1852097,1046411,2012945,3457800,3447521,2190565,291909,3020097,368670,1366947,436338,1908057,566946,1932841,2233562,2226116,2542981,578080,1173058,2489518,860326,3121513,3226795,3433399,1943534
3687353,1439170,2424022,1279979,1280086,72219,340107,3670756,4705118,635235,4705120,635232,635221,3419285,1830428,4523888,1356406,3682530,3575630,340199,340134,340198,340168,340209,3123021,3678014,3572575,2333230,1573265,1573256,1605762,2601270,3537189,3584013,3537247,2249011
3216780,1373105,2106954,1255646,1180275,4475832,325706,1348407,1373381,1348409,1166207,1165920,3766527,223071,1166371,3477569,1166392,1495323,3477476,1373247,1204825,3138502,3723360,325650,325578,2948449,222988,2106934,223111,3579813,2275188,223049,2565250,4763979,3459270,1480428,612585,3319099,612593,3260270,2236465,1764942,2895090,2252016,3319249,3319242,325501,133908,2989710,1964892,2821477,325861,325784,325770,325777,612635,3010860,2319938,2565257,2565140,2565218,3856224
173808,174028,2849934,166378,3572897,3573119,3573441,3419357,1980758,1980643,1980554,1980483,3037182,3037070,819115,173948,173843,867800,867369,868360,868181,1807655,3261623,3261597,3636480,3636470,686244,2254878,2254773,2255080,173906,1818811,1596430,2338737,396062,3261645,2740913,2009273,3636484,3778374,3719021,686728,685998,685948,686616,686639,868597,868838,867495,867231,866739,867892,819140,868151,868788,868295,1807687,707039,1987624,3286475,552403,819119,3261560,3363313,3095780,1629258,1492576,2254947,263052,173908,2038022,867525,1255836,2545868,2545874,866623,868134,866460,868625,868710,868216,867670,867468,867607,868742,223869,2457635,2457538,59093,1216781,1041096,1040937,1040777,3165337
2580945,2580985,2580728,2580761,2580772,2580790,2580797,2580811,2580827,2580838,2580841,2580859,2580863,2580889,2580903,2580920,2580925,2580947,2580961,2580964,2580981,2581006,2581013,2581028,2581054,2581115,2581127,2581177,2580817,2581021,2580693,2580722,2580673,2580835,2581055,2580948,2580752,2581123,2580716,2580834,2581112,2581208,2580873,2581109,2580932,3633655
486678,486591,486540,486565,486659,486553,486655,486583,486657,486582,486614,486646,2857293
3073270,3073047,3073239,3073279,3072905,3073086,3073091,3073172,3073035,3073170,4854319
855023,855065,855042,855037,855034,855026,855014,854988,855001,854998,723392
1936083,3850550,3790455,19015,1234253,1039362,1615887,3172325,1234305,1234216,14734,3218361,4477614,3026893,519795,15032,18944,1344407,1639748,3164536,414360,1881685,2120178,2216900,3746668,104876,992283,3172316,3792767,3790441,3794869,1931382,3850537,3850493,3790423,1596865,2225613,840037,2375265,1881798,1599922,426765,1364806,3145084,2997877,3026900,14708,2566566,1217241,1552416,1574359,1137578,226497,2912566,3659274,3791656,3794854,3850506,3791666,1197025,3850477,3020548,2868962,2868971,3794818,1862371,84475,144618,2020836,2301960,3792597,14996,2895266,2079617,1862524,1862391,1764883,220121,2695749,147884,2216903,2783996,2216896,685928,2289944,3025897,912214,1168978,3731344,1935662,2665089,1524697,820430,1934981,233009,4932923
3051211,3401758,3825652,3825559,3825584,3825607,3825616,3825635,3825587,3026900,3026916,486535,104894,3850506,3850483,3850490,3850478,3850474,3850513,1735600,2225651,1600862,2868697,2868973,2020836,1158377,1344383,3794818,3794800,3780858,2337179,14734,14709,14914,14724,14958,3792597,3767385,305302,1073999
906355,3711392,2110673,3711320,2643367
2214123,440728,1470348,2213807,2214099,1199187
1818562,1819031,1819211,1818786,1818879,1818948,2575749,2575779,2575791,2575873,2575727,2575681,2576030,2576033,2575962,1800786,1800855,1801313,1800820,1801103,1800539,1337647
288116,288018,519971,274531,3103321,3103224,3103272,3103167,3103291,3768323,288035,3103172,287922,274507,1767031,3518204,2225161,2009241,2009284,2009555,2009617,2009497,3735223,1523103,87381,3251731,944704,3251536,1105526,1693789,2609985,3734030,2472239,2610018,1462038,143865,911562,2557665,87479,2557668,3364415,87399,626010,626013,87363,2610041,1462104,2512688,3188704,222657,222743,222527,222800,904166,1101393,1101382,626056,1101452,230632,3532624,944773,3248471,2009098,1064376,230753,230529,3532446,4483789,1462082,1494816,161931,1461957,3532379,2512657,2544510,2956091,87334,1106021,2498737,3463930,3251692,626018,1523214,3532479,1556398,2472284,1944180,425151,2037720,3251724,2956122,903918,3248468,3112927,811100,3248485,2607669,2009857,1105920,1064887,626051,1105457,3734984,87358,2009190,2009814,1128467,3523498,3735174,2009142,2557712,222503,1523283,2607776,2554474,2009680,1064253,2607749,3273586,2554496,2498685,2009213,3735206,2557633,2557738,3251880,3463910,2607833,349517,3188647,3087040,2790108,626095,1128474,3102328,3188681,1523254,2684613,87417,2009825,3087056,3532531,2227030,2544824,3389134,2461850
3140607,944773,1819087,1765787,2683541,1496198,3179673,2794905,2478356,4799419,3251999,2832479
3337478,3669328,3569580,507593,2361570,3568095,1525332,1392811,2350960,843736
3225842,3700786,2351015,2351030,3419174
2521075,2364345,1980825,1688788,2849934,3010877
507624,1525332,973169,1342834,3568085,3090968,3568095,2819354
1995293,93949
,276574
2029933,1985340,1985367,1288809,1526369,1539693,3389845,1985390,1885260,1539805,1583979,3381388,801609,612601,719494,2319938,2320348,719473,1846898,1764351,958447,900501,3213875,1273514
2497067,687980,687978,3156449,1140763,2215792,2498767,495075,1985348,2710474,873870,2721107,1525176,1516156,1524346,1439985,1985374,2268097,289553,1480545,3325021,2252061,3118422,2319938,2871064,1764693,462371,610947,3508218,1500568,2762138,3324572,3324563,3752340,2234183,2234204,861107,719462,633364
2319938,462371,487374
1166151,1140711,1205658,1203122,1985279,1985261,3770385,813317,1069259,487267,2821525,443771
1057163,1057156,1057158,3341276,3341313,1218350,1218405,1218339,1908593,2367977,844968
73242,1178712,3087211,685948,3703974,1847575,4477614,1158377,2849934,18944,3221422,1210794,1433051,3550890,1764351,426738,3557782,2053199,3669692,1439288,2783899,2571323,845131
52951,52712,52859,52638,53024,53517,62959,99793,145137,2782703,110335,120083,132263,157612,185139,1103853
3452285,3007478
1818562,1819031,1818786,1818605,1818311,1819211,1818879,1818808,1818779,1818493,1818900,1818505,1818481,1819140,1818477,1818393,1818378,1818334,1818246,1819078,1819182,1818441,1818656,1818860,1818415,1818346,1818298,1818478,1818843,1819071,1818539,1819040,1819131,1818454,1818460,1818925,1818569,1819087,1819197,1818450,1819122,1818811,1818837,1819042,1818799,1819077,2146654
903933,904015,161618,161838,350185,350316,3801939,904153,904122,904124,904151,3389093,2607924,2121358,2121450,2121664,2121678,524951,2038212,1818246,2499720,903910,2499812,2499777,3550422,1198729,2499862,2240506,2121492,2499859,2240520,3389146,3784331,2121725,3389132,3389102,3251981,161725,2121634,904063,412262,2121472,412263,412395,3863849,2121437,230607,412443,3325364,2121682,3389153,626056,161896,3340771,412355,350350,350167,350383,350412,350114,350297,350430,350390,2544251,1767133,2207003,2208862,412229,417833,417847,524873,417849,903913,2575661,412394,412377,2607722,3325341,3325354,3325359,412216,350172,350351,4586068,350247,350394,350096,350113,350132,412379,412280,349553,349552,1075243,412218,3153186,2209058,2206824,2208901,2277215,2277713,2277520,2278756,2280258,2278153,2280310,2277149,2277578,2280538,2280508,2279624,2278157,2608005,163111,2038209,1075258,1819182,1819042,3248486,3248498,3248482,3248474,3248495,2121530,412330,2121580,1818505,1913697,855112,852977,80780,625905,626054,626273,1500516,1500385,855374,853091,854737,851963,855347,854335,854516,3711392,3550064,1818493,4399949,416373,1800539,429727
1270859,437395,2443141,3603129,1121308,3174231,1764584,3098733,1584135,1963636,2130289,1812225,1351924,307065,1129784,2611203
2582935,2878233
1041096,1040930,2333171,2936232,286856,3494341,315384,2894854,3156553,1208158,719462,2578907,311733,1470726,2133445,1269407,106962,2606659,147801,2752874,1390215,1983395,4400137,1302977,232971,2231339,3105820
3292731,3292746,3292657,3292750,996374
4400325,1056220,1137151,1691879,2184648,852547,2108314,2625549,2071198,51063,2834190,3799990,4725764,3349769,1824351,191088,1935670,3669205,1191736,1573717,171388,4573196,4573194,1064842,191065,191094,1735150,1430691,1692008,303496,486631,2108352,2108449,1573683,2027005,2288464,3225735,3012626,3725801,3725959,409064
343088,2768113,2403792,1035733,2799784,525504,2897334,3674503,2881420,2959419,2863524,2413634,2829072,2053751,2798149,1035771,2396575,2849934,887974,1264415,2786744,1165229,1569445,2053965,2147860,2958750,2404056,3008766,2959924,3091678,2786698,2892002,2897198,2881368,3677267,2993622,2958505,709146,448463,3012745,449923,3008923,2053765,1056129,2912859,1744648,2917884,1471594,2891958,2786654,1731499,440797,3012936,2799085,1955567,3090825,2413718,454316,18944,3638692,3245453,1364957,3029844,2620860,2306270,3062661,2651690,166202,2878417,3676530,2444429,2444408,3753961,3331761,2413797,2850278,1709215,636815,2304041,571254,1568248,1977433,1168082,166378,1285171,348461,249094,650115,2811585,3643415,166312,2786620,1056324,2985607,2888281,3245554,2674615,1034267,397315,3337478,1155412,3557489,81733,3221475,2396571,1218217,2965963,1111850,709993,818682,1976362,3062592,517368,396184,394170,2444185,1243327,356279,2611799,1977287,3000438,3494733,257877,397269,1255801
499459,2063797,1216742,1524442,2117750,2063810,2063786,2063772,2063826,2063835,2063793,2063791,2063805,3082712
285301,1433149,3018515,910127,1400058,285287,934507,3867445,2702964,1073543,1079439,46511,2938028,1669814,2702981,2441463,1891244,2754353,2536529,3569647,1963484,285298,1587041,798809,1331221,2716307,1891165,224369,2375265,2625961,2375293,1386316,3221937,654645,500531,2029787,1547454
2289368,673579
,1198035
3098565,3098743,3098639,3098976,3098614,3098876,3098920,3098834,3098904,3098781,3098703,3098616,3098677,3098981,3098998,232337,2236212,2236378,2236488,2236431,2236356,2236532,3141937,3141792,3142036,3142128,3142142,3141855,3141870,3141787,1764693,1764792,1764564,1764488,1764777,1764614,1764883,1764648,1764509,1532226,1532971,1532953,1532707,3477558,3477411,3477366,3477439,3477516,3477629,3477569,3477564,3477327,854143,854084,2591593,2591537,2591426,2591491,1891125,1891244,1891195,1891217,98799,99607,100005,99666,1126809,332001,2537100,2536529,435267,1187764,1187741,1187750,1340950,46502,46539,46499,1647206,1957207,1957197,1957201,1957206,1957168,658133,658280,2288703,1650258,1205331,232163,1909112,3215138,1102472
1707457,1707482,1707410,1707413,3066419,3236337,3236403,3236316,2547784,2547758,2547802,312347,1158615,1158626,1158636,1158650,1208567,1208572,1208604,1208580,2625961,2665019,2665089,1341114
3604079,2692570,1984653,2825339,2206898,3184530
2185553,2990394,2910209,2328042,2320004
3008654,2509517,1364565,2931231,426914,2304611,1210563,25982,2700918,1941504,2825661,2825356,2483005,2482953,2482980,2596109,4762142
3362164,3361981,4900272,2586457,2973583,2787646,3098948,3526814,2834860,2931415,2931161,2680172,716551,2626028,852522,3610776,852750,3164551,2290002,3850548,2289944,3738676,2288514,2280403,1759107,1384967,3141937,2053328
2700871,724267,2833842,2845550,2950920,1688574,395431
2754176,3267247
3603962,2845550,2800319,2896842,2396563,2768079,3456693
3288559,2898212,1824320,1526352,1526505,495516,3317045,498588,1277626,1812583,1480967,3459954,3756374,3282024,4486960,429676,670565,853174,1341153,3638190,1550160,1690006,1822245,1885450,1927137,2289882,2437850,2586389,2528461,2548942,2860955,2933793,2977474,3007248,3075850,3170415,3191556,3296093,3287422,229004,2762118,2310663,1790628,2898135,3141832,3288409,3288436,3288481,3856203,1824861,557040,935714,3451626,3481318,3481337,3875969,2062076,2062111,2944013,3129004,1181173,1181285,2157169,2214700,2288464,2429249,2429299,3007249,3287441,2690229,2454683,228816,1341198,2220121,2696821,329498
663596,369109,367270,65048,3159473,2744016,2630242,2567355,1743138,1743185,1473796,1531548,1254180,1254400,1152495,672422,672419,672421,671152,670945,671104,2941803,2970076,2901728,1613740,2188994,2637808,2974476,150970,2971223,1311408,3600883,2744074,2744066,2629951,2783402,2111635,3613929,2189424,1526366,3606918,661316,2139222,1610145,1778165,1618972,3284467,3640531,683704,3727005,3705614,2569277,475403,3677010,3248939,1599118,3156573,3034298,2665506,3533255,1292651,1319042,2873044,2873039,1401269,1464560,1464606,1152440,3159334,3158867,3573282,1248092,1104251,3774965,539216,3511390,3410105,3705802,3288644,2834511,2834107,3178465,1254339,3823956,2260894,844976,2943887,2216716,2028756,1832934,3313380,2860052,2853866,4894294,1056427,469609,2744215,2909295,2909328,824194,3748832,3748845,2102660,173948,2302776,881835,3861294,2528490,1264935,1264923,4401324,3241288,3241453,3241439,3241311,3425578,1398686
1835816,206861,3131413,3213682,2054557,3728842,2513858,3019712,3125394,500578,3117143,3892086,2367350,2774680,2691883,111426,3453800,3131392,3125401,2706946,1217146,3213681,55327,3125400,3453786,210253,3213674,3210432,82426,1723776,2115247,3210411,509574,2967713,82497,3892906,2089016,3453785,693373,568960,1603637,508076,3052021,4401362,1911894,2422391,4959724,2072350,410796,1317884,1238872,561564,1648392,2546692,1654825,1618962,2921766,2894765,3517736,2894711,1321122,4791935,3444142,3444106,3422090,2894750,1566719,2894736,1765985,2117081,1543926,1589451,419264,3267047,3575115,253944,3213510,83027,3390042,3531900,3531906,1543762,535485,83036,2319989,4401338,90148,1654581,2525714,1412202,4401324,2254992,364898,1531548,1531439,1086763,808502,3213685,3453794,3413247,2166452,419964,2249700,1954468,1959047,1876340,672695,2592251,3691941,1254166,544896,673569,2063476,4646834,491384,2744117,681220,647628,647624,2210004,3523569,1988046,673579,1254424,440556
4401333,3159472,3633694,1254374,2968316,1254278,435965,3159469,435899,3377676,223123,45062,878777,1096945,2630307,3683859,3115391,2730438,3107625,544764,435895,545016,5538,878761,1690887,889520,602563,3241416,1319042,4559715,1254346,3541761,2630286,5604,1986899,878744,4758549,2104829,4631620,2556548,1947032,2831337,2744307,45241,2189337,1598895,693359,606395,2255009,2260750,1401252,2665617,1986882,648890,4741196,1617784,2628114,2743552,4401372,2715950,4407476,1152305,3158473,2628103,1692171,3885650,3885656,2672299,2672305,173141,2659316,2316952,1765156,2117331,2628113,3598647,295920,831902,1829033,3640474,2672405,3443788,1650628,3223072,3265841,2396567,2672235,831912,3689878,295976,3475894,3211837,1254992,593316,2667957,3770039,1682771,3714490,163670,3872959,2718288,2349195,2672350,527834,3101612,347089,2509127,799430,2173092,673583,1850395,3714525,2835874,3134504,1723767,2163963,173635,59779,59781,3714513,1523404,1360972,545044,3538549,1850359,2672084,1264931,1752575,2173093,3314809,4523813,545014,762765,2567352
1987022,4523812,1986859,2743636,1835819,1125313,3879843,1723767,1648380,1986882,1058742,199534,1835844,1986818,3159217,1096775,1125337,555601,1835853,711366,2835800,1988044,2835738,1190831,1986831,2172361,2835727,2349181,3034364,1462535,2672299,4468230,889671,2659309,2028756,3779411,2835629,1395574,872286,2835822,872278,3034389,2835662,889677,163370,3088523,1412202,3444838,3565679,2559947,2559925,3830478,2703418,1046824,1986822,712621,3674968,1473774,394737,673666,3231262,4401333,4401336,2172446,2875715,648117,1549962,195273,1472722,3621942,183487,3674970,3131404,2672265,3131428,1512321,4739406,2691878,3674960,1654825,3674916,1816888,100579,2838547,3131426,3422636,3683688,2120620,111571,4632586,3285334,343517,1816970,1116687,2672339,111601,3131425,2927689,282447,3152203,3441077,2613319,3554460,2865536,884904,3409451,1255445,2499329,3131406,3131408,2652318,3413290,2499330,136900,3394998,3131427,2499333,2307189
824334,566527,2254900,2567494,1255138,75446,566586,566502,566587,1549842,191473,888527,2391775,2352283,3512355,3481468,1420246,2803771,1850359,2740313,172735,1306112,1306117,1306119,1306111,670640,881808,881745,3102061,366389,867779,867910,1464665,1464564,147413,2567411,2567624,2567588,881950,882549,881921,697869,4475832,45070,727726,190240,2567600,2567566,1132761,2254782,515649,1254452,3705895,1526320,1321575,224020,331615,3820995,670935,672301,672422,672363,672418,3159355,802816,3079292,3486168,1096505,1097308,1835851,1835850,677253,2568736,1478692,199759,3159424,677229,1835800,1835799,1835809,2981428,1648421,3209275,1531548,1531578,1531439,3737283,2087938,4758549,683865,679467,3265056,3544384,369109,1071666,1812243,3102031,1102500,2087737,1380420,1828182,3502047,1049798,3779411,4757414,367591,173635,647622,44659,1714869,3024277,2475748,1082808,281424,3158857,3425633,3418422,3598647,1047442,1077306,2347058,2730438,262353,2630307,2261131,2303015,64187,3284467,3425995,2732856
1942904,145902,3824343,2997892,1935244,1868333,2424602,2419181,2550852,2939414,2213807,2120186,2120164,2120067,1041163,3702398,1260111,2967703
3825591,1600266,1534782,3746972,3585589,1935152,3705440,1263557,1366021
4858126,2868968,2868962,64686,879707,2007932,3785920,2868733,3062147,992075,976940,133633,2868925,3459088,3459145,1600492,2072011,1935662,1935699,170300,1600162,574360,1935787,219969,3026874,3026885,3026846,3476495,435267,14987,2916623,3026946,84631,2289141,2676594,3790451,136575,560034,1935152,559985,560001,2491530,2491542,1600439,2289052,2185629,3579813,279632,2065874,852660,3495627,3062536,3495162,686647,573232
3441236,1057665,3441192,3034507,1350486,325501,2821641,2386179,2385608,1689226,3508900,3063819,2319538,2217840,2548942,2385617,1057701,2385612,4708338,99332,1824862,3128967,456873,3343997,4463893,497003,2039441,3856203,3856200,2666493,2666537,2666613,274315,1788469,3472680,610909,2512680
2301726,2302055,2301998,2301617,2301850,2302185,2301506,2301705,2302021,2301875,2301983,2301960,2302135,2302017,2302051,3869708,2302177,2302144,2302343,2301949,2302215,3759728,2301500,2302010,2301954,2302130,2301650,2301529,2301593,2301525,2302234,2302046,2302216,2302277,2301546,2301567,2301927,2302091,2302173,2302226,2301894,2302274,2301696,2301836,2301823,2301608,2301502,2301738,2301699,2302341,2301904,2301772,2518095
400289,400271,400300,400244,400150,400256,400259,400197,3717402
3261653,3261623,3261537,3261568,3261592,3261618,3261637,3261527,3261597,2574330
2019895,2019741,2020112,2020580,2020836,2020641,2019550,2019702,2019507,2020985,2887341
1735777,1735424,1735168,1735223,1735642,1735667,1735727,1735600,1735484,1735368,4568185,1735436,1735319,1735375,1735694,1735052,1735221,1735147,1735211,1735428,1735680,1735429,1735792,1735144,1735361,1735502,1735037,1735213,1735073,1735553,1735330,1735842,1735820,1735300,1735312,1175066
2463507,2463474,2463574,2463444,2463530,2463472,2463427,2463493,2463559,2364735
808634,808626,808678,808631,808638,808655,808623,3799184,808632,4619238
904063,904032,904166,903879,904153,904111,903942,904017,904056,2672816
350185,350328,350167,350430,350108,350323,350154,350383,350412,2640339
556155,556175,556180,556167,556152,556187,556078,556147,556073,416549
847442,56998,56807,3343759,3343997,1315908
