2104775	2104678	20
2110673	2110621	20
14961	14958	20
2120002	2119939	20
2121511	2121358	20
2121708	2121358	20
1077760	1077231	20
2127134	2127113	20
2127308	2127134	20
52996	52828	20
60007	3159836	20
60248	60163	20
60445	60079	20
60517	60167	20
2158908	2157910	20
2158908	2158156	20
2158943	2158156	20
1134021	1133900	20
1134046	1133931	20
1134105	1134021	20
1134222	1133999	20
3231772	3231669	20
2194761	2133874	20
2195091	2133874	20
99607	98574	20
3252054	3251839	20
109264	109032	20
2206813	2206741	20
2207106	2206690	20
2207128	2206690	20
2207295	2207003	20
2207371	2207128	20
2207415	2206862	20
2207415	2207085	20
2207452	2207030	20
2207871	2206741	20
2208862	2206862	20
2208924	2208709	20
3261119	3261036	20
133180	133097	20
133219	2158365	20
133219	133041	20
133219	133144	20
133225	133219	20
133265	133231	20
133352	2158365	20
133352	133180	20
3284467	3283863	20
2236398	2236345	20
2236465	2236405	20
2236465	2236425	20
2236495	2236356	20
2236495	2236404	20
2236501	2236264	20
2236563	2236356	20
3287322	2214123	20
2121416	2121358	20
1197202	1197156	20
161823	161694	20
1210630	2157797	20
1210766	1210630	20
1210840	1234216	20
1210931	1210471	20
166551	166378	20
3319099	3319039	20
2277502	2278040	20
2277520	2277215	20
2278157	2278040	20
2279218	2279091	20
2279624	2278040	20
2279624	2277314	20
2280508	2278157	20
2280508	2279624	20
2280606	2277502	20
1234232	1234216	20
2288503	2288464	20
2288514	2289519	20
2288739	2157910	20
2288739	2158365	20
2288739	1934873	20
2288739	2288703	20
2288866	2288464	20
2288883	2288643	20
2288883	2289519	20
2288996	2288989	20
2289010	2288503	20
2289010	2288739	20
2289073	2289010	20
2289153	2289803	20
2289153	2277215	20
2289153	2288820	20
2289188	2289052	20
2289200	2289889	20
2289200	2288989	20
2289200	2289010	20
2289323	2289010	20
2289416	2289010	20
2289416	2289188	20
2289416	2289256	20
2289435	1210630	20
2289459	2289153	20
2289763	2289889	20
2289763	2288996	20
2289763	2289627	20
2289793	2289889	20
2289793	2288739	20
2289793	2288989	20
2289793	2289627	20
2289817	2289141	20
2289846	2288643	20
2289846	2288514	20
2289846	2289763	20
2289868	2288464	20
2289868	2288514	20
2289944	2288703	20
2289944	2288883	20
2289961	2288883	20
2290038	2289519	20
2290038	2288830	20
2293472	2293380	20
2293513	2289153	20
2293661	2293401	20
2293661	2293542	20
3343885	3343146	20
3349868	3349730	20
2301850	2301529	20
2301960	2301506	20
2301960	2301650	20
2301983	2301506	20
2301983	2301960	20
2302017	2301983	20
2302135	2301850	20
209255	209116	20
3357972	2207415	20
3358195	60430	20
3358609	60517	20
3362034	3361981	20
2320229	2320071	20
2327503	1133900	20
2327503	2207003	20
2327503	2288739	20
2327653	1210465	20
2327990	2327653	20
2328117	2328067	20
2328208	2327653	20
232907	1234216	20
232957	232907	20
233045	232907	20
233336	233045	20
233378	232824	20
233378	232957	20
2338737	2277215	20
2338737	2289435	20
2364129	2363571	20
279695	1210630	20
2318555	1234216	20
290805	290662	20
290898	290662	20
290898	290887	20
290946	290709	20
2396569	2396554	20
1348408	1234216	20
1197167	1197202	20
1364592	18944	20
1364887	1364511	20
3746622	233091	20
3470447	3470288	20
229035	228977	20
329606	329514	20
1104260	1104318	20
1384632	1384631	20
1384641	1384631	20
1385067	60445	20
1385067	2228905	20
1385067	3358195	20
2328190	2327586	20
2328190	2328117	20
341505	341380	20
343093	2798973	20
343094	343035	20
343135	343035	20
60171	3159836	20
1421132	1421004	20
376331	376254	20
2478878	2478843	20
2478880	81894	20
2478880	2478843	20
2478881	3358609	20
2478881	2478843	20
2479182	2479013	20
1431813	1431742	20
2327964	2289153	20
2327964	2327990	20
1439298	1439460	20
3542244	3542356	20
397775	397726	20
416562	416162	20
2500212	2121708	20
3550046	3550599	20
3550271	3550081	20
3550271	3550118	20
3550704	3358609	20
3550704	3550599	20
3550704	3550971	20
3550704	1385126	20
3550704	3550639	20
3550849	3550046	20
3550890	3550599	20
3550890	3550129	20
3550890	3550221	20
405887	405723	20
406364	405893	20
2509652	2509593	20
416506	2288739	20
416506	2293513	20
416506	3550271	20
416530	416506	20
416685	416397	20
1470316	1470270	20
1470316	1470307	20
426765	1364565	20
434510	416373	20
2536529	3319021	20
1134205	1133900	20
1134205	1134105	20
1134205	1134237	20
440201	2289153	20
440201	440094	20
440380	440094	20
440584	440094	20
440728	2157797	20
440728	2214123	20
440728	2338737	20
440728	429062	20
440797	440094	20
2548956	2548942	20
2550852	449622	20
3603140	3603091	20
463370	3358609	20
463370	463103	20
3620142	2288739	20
3620142	1470316	20
1525263	1524228	20
1525346	1525065	20
2575737	2575661	20
2575942	2575661	20
2575999	2575920	20
3626705	3626367	20
1534782	1533767	20
2586402	2586380	20
2594372	1234216	20
497992	497233	20
2598339	1226896	20
1831504	1132839	20
1831504	2228905	20
1558563	416373	20
1558769	1558563	20
1558769	1558667	20
1559124	1558542	20
1559353	2207003	20
1559353	3358195	20
1559353	1558629	20
1559353	1559124	20
3667357	343094	20
2622074	133265	20
2622074	2289153	20
2646158	2646118	20
1599817	1599781	20
1599922	1599781	20
1600012	1599922	20
1600162	1133900	20
1600162	1364592	20
1600162	1600012	20
1600392	1599470	20
1600513	1133999	20
1600513	1599781	20
1601090	1364592	20
1601090	1600012	20
2714145	1132420	20
2714145	94083	20
3705494	3705477	20
3705699	2509593	20
3705699	2556664	20
3705699	2586380	20
3705832	3705477	20
3705832	3705755	20
3711088	60007	20
3711088	3358609	20
3711088	3550890	20
3711392	3711171	20
2665089	2664992	20
2542981	2289153	20
2677685	2677348	20
3221422	3221327	20
3221422	3221475	20
2680127	2680101	20
3731309	3731239	20
3731344	2289153	20
3731344	2318555	20
3731344	3731326	20
2195078	2195091	20
3737594	3358609	20
2692631	2692547	20
3746836	3746622	20
3751464	3751399	20
3753961	3753918	20
1661301	3257212	20
3759728	2302185	20
451960	452257	20
615793	1234216	20
615793	2251781	20
1676876	3357972	20
1677073	1385067	20
1677073	60171	20
2730885	2730862	20
2730916	2301850	20
2730916	2302185	20
2730916	1364565	20
2730916	3550704	20
2730929	2730885	20
2730975	2730862	20
2731139	2730916	20
2731166	2730916	20
2731176	2730916	20
2731176	2731044	20
2731296	2731151	20
2884287	1132839	20
649868	515546	20
649868	1610421	20
2754176	2236465	20
2754176	3477476	20
2731053	2731044	20
2731143	2730916	20
2756626	2552178	20
2765812	2765621	20
2396573	2207003	20
2396573	2277215	20
2396573	2663646	20
1337270	1337309	20
685948	1934873	20
685948	2288883	20
685948	2594574	20
685998	2594574	20
686558	685998	20
686589	1234216	20
686616	686244	20
686639	686244	20
686639	686616	20
686723	686301	20
686723	686616	20
686792	2338737	20
686792	686558	20
1735600	2730916	20
1735600	1735542	20
1735642	1735542	20
1735667	2730916	20
1735727	1735667	20
1735777	1735424	20
1338146	1338211	20
2786698	2550852	20
1689044	1689226	20
2798057	2798973	20
2798057	343093	20
2798130	2207003	20
2798130	343035	20
2798395	2206741	20
2798395	2277083	20
2798395	2797877	20
2798395	2798270	20
686761	685948	20
2798815	2798317	20
2799275	343061	20
2799275	343094	20
2799275	2798569	20
2799558	2798670	20
2799906	2207003	20
2799906	2798112	20
2799906	2799065	20
2799941	2799367	20
2799941	2799438	20
2800319	2798317	20
2800319	2799065	20
2800395	343061	20
2800395	2799065	20
707036	707034	20
709146	1559353	20
709146	709139	20
709758	434510	20
233176	232957	20
233176	233045	20
233176	233378	20
3550339	3550156	20
3550339	3550196	20
1764351	1532568	20
1764584	1764488	20
1764777	1764614	20
1764883	1646623	20
1764883	615793	20
1764883	1906062	20
1764942	98069	20
2816982	3476495	20
724267	2289153	20
727863	727798	20
3875971	2542981	20
3875993	2542981	20
730897	1132839	20
3550920	3550704	20
1345619	2288739	20
1345619	686140	20
2833842	685948	20
2834190	2834017	20
2834239	1764883	20
2834711	2834190	20
1790218	1790150	20
2396563	60007	20
2396563	2277089	20
2396563	440728	20
2396563	2799941	20
2845185	3626039	20
2845484	2396538	20
2845484	1471610	20
2845484	3626039	20
2845703	3357972	20
2845781	2845524	20
2846163	2845703	20
1348407	346390	20
1348407	1764883	20
1800539	3550890	20
1801078	1800624	20
2849934	1111675	20
2849934	1132420	20
2849934	2208709	20
2849934	343089	20
1524349	1524650	20
1524349	410351	20
1524349	1525210	20
1524406	1525102	20
1524412	410500	20
1525215	1524412	20
1525215	1524521	20
2864421	3731239	20
1818246	60171	20
1818460	2288739	20
1818460	2730916	20
1818460	1800539	20
1818481	1818378	20
1818528	1818505	20
1818685	1818246	20
1818811	2207003	20
1818811	2328234	20
1818811	2338737	20
1818811	2396563	20
1818843	2293513	20
1818843	1559353	20
1818843	1818346	20
1818843	1818393	20
1819087	60171	20
1819182	1818811	20
1819197	1818334	20
1824246	3481337	20
1824246	1480390	20
1824246	727798	20
1824320	3156553	20
1824320	1251448	20
1824375	1824320	20
1824407	1470376	20
1831665	1831641	20
1831711	1831446	20
1831779	1831641	20
1831811	1831548	20
1832004	1831641	20
1832075	1832222	20
2880816	1234216	20
1832250	1831548	20
1832250	1831839	20
1832341	1831358	20
1832341	1832250	20
1832546	1831665	20
132441	60171	20
2894854	2327653	20
2894854	3731239	20
2894854	2730916	20
2894896	233091	20
2894896	3731344	20
2894989	2894896	20
2895090	14961	20
2895090	229005	20
2895090	2318555	20
2895090	1480390	20
2895090	3731239	20
2895236	2895164	20
2895247	1234216	20
2895247	2288739	20
2895247	3731283	20
2895247	685998	20
2895266	2289368	20
2895266	233026	20
2895266	1432932	20
2895286	2894854	20
2898897	2173343	20
2898897	233091	20
2898897	233410	20
2898897	3746622	20
2898897	3731344	20
2898897	2895164	20
2898952	2898985	20
2898952	2895090	20
2898972	1234216	20
2898972	1824320	20
2898972	2894854	20
2899044	2898985	20
2899044	2898918	20
824358	474955	20
2923596	2923557	20
826821	4421917	20
2931444	2931368	20
2236308	2834239	20
1885477	3287322	20
2946129	2252053	20
2946129	2252098	20
852660	3799990	20
852660	852522	20
852743	852660	20
2158576	2158365	20
2958782	2396538	20
1913697	3550950	20
1913697	2575661	20
866397	2328234	20
866397	1764883	20
866850	2207003	20
866850	2215603	20
866850	2338737	20
866850	2884287	20
866850	2756626	20
866850	1348407	20
867525	866799	20
867800	866553	20
867800	866799	20
868216	867416	20
868360	866850	20
868552	867800	20
2969126	2969089	20
2974385	2833842	20
2974809	2833578	20
2974871	2974199	20
2983231	233091	20
1935432	1934943	20
1935491	1234216	20
1935670	2216068	20
1935670	1433051	20
1935714	440728	20
1935714	3731344	20
1935714	2895247	20
1935714	1934981	20
1935792	1470316	20
1935792	428996	20
1935792	2894896	20
1935792	1934949	20
1935974	1935589	20
1935981	1935432	20
2595336	2730997	20
1942814	1942786	20
2991548	2895090	20
1942996	1942814	20
1942996	1942846	20
1943040	1942857	20
2020200	2586380	20
900713	900621	20
3000438	2289435	20
3000438	1764883	20
3000438	2895090	20
3000438	2895266	20
906355	1913697	20
908668	908920	20
908859	1111275	20
908859	1111675	20
908859	2207003	20
908859	2208709	20
908859	473066	20
908859	1676876	20
3007297	2279390	20
3007524	3007297	20
3008011	3667357	20
3008011	908859	20
3008654	2207003	20
3008654	663575	20
3008654	2396573	20
3008654	3008057	20
3008766	3008654	20
3008923	3008654	20
3009129	3008011	20
3009129	3008654	20
3012346	3012626	20
3012372	3012346	20
3012434	3012493	20
3012434	3012372	20
918096	917972	20
918106	917972	20
3015382	2910209	20
1966809	399151	20
2265481	2265523	20
1980758	1980643	20
1998541	1998424	20
1999712	19051	20
1999795	1999712	20
1999809	1999795	20
1999826	1999729	20
956843	2730916	20
3009152	3008654	20
2009497	2009311	20
2009634	2009142	20
2009758	2009284	20
2009870	2009617	20
2580932	2580699	20
1558882	81777	20
1559160	60430	20
1559160	2396538	20
1559160	343094	20
1559160	2478881	20
1559160	448913	20
1559160	2845983	20
2016284	2279390	20
2016284	2016809	20
2017109	2016613	20
969027	866850	20
2019702	2019507	20
2019741	2207003	20
2019741	2328067	20
2019741	60171	20
2019741	3667357	20
2019741	3731344	20
2019741	2396563	20
2020112	2622074	20
2020466	2019702	20
2020641	2020524	20
2020836	2206741	20
2020836	2207003	20
2020836	2214123	20
2020836	2327653	20
2020836	2509517	20
2020836	426765	20
2020836	2786698	20
2020836	2894854	20
2020836	2895090	20
2020836	2931368	20
2020898	2020112	20
2020985	2019741	20
2021134	2020836	20
686728	1935792	20
686775	686140	20
2434492	2434376	20
3073176	219980	20
3073239	3884981	20
3073270	3884981	20
3073270	3073170	20
2026816	2328234	20
2026904	2026987	20
3080640	2849934	20
3080793	3080640	20
451796	452060	20
451837	451960	20
2042108	2042272	20
2053533	2053752	20
2053583	2053199	20
2053923	2214123	20
2053923	343094	20
2053923	1471610	20
2053923	3672321	20
2053923	663575	20
2053923	686070	20
2053923	686244	20
2053923	2845703	20
2053923	3007297	20
343088	1559160	20
343097	343035	20
343097	2798044	20
343097	2800338	20
343116	2798569	20
343116	2799941	20
343116	2800319	20
2061537	2931444	20
3125828	3125740	20
3126320	3125837	20
3126475	3126320	20
3126868	3126320	20
3126985	2327503	20
3126985	2895090	20
3126985	908859	20
3126985	2053923	20
1030870	2974385	20
1480363	1480446	20
349322	3258450	20
