3147568	3147458	12
3156541	3156449	12
3156553	3156469	12
2110918	2110871	12
3159912	3159674	12
14808	14709	12
14868	14820	12
14925	14734	12
14996	14709	12
15005	14784	12
19163	18960	12
3168726	3168692	12
2121511	2121402	12
2121511	2121437	12
2121511	2121460	12
2121555	2121367	12
2121708	2121373	12
2123756	2123672	12
2123773	2123672	12
1076541	1075830	12
1077215	1076925	12
1077390	1076922	12
1078212	1077215	12
1078212	1077390	12
2127162	2127113	12
2127185	2127113	12
2127207	2127113	12
2127308	2127185	12
2127420	2127113	12
2127487	2127281	12
2127531	2127113	12
2130143	2130109	12
1082493	1082476	12
1085260	1085084	12
1085732	1085179	12
1085732	1085260	12
3185163	3185150	12
52640	52618	12
52800	52618	12
52828	52800	12
52951	52618	12
52951	52842	12
52951	52948	12
52996	52800	12
53024	52640	12
1104318	1104026	12
2153216	2153185	12
1105909	1105651	12
1105920	1105909	12
3203885	3203808	12
60365	60167	12
60430	3159883	12
60453	60430	12
60497	60163	12
60517	2110673	12
60517	3159836	12
60517	60497	12
2157910	2157846	12
2158016	2157797	12
2158016	2157878	12
2158052	2158016	12
2158104	2158016	12
2158213	2158156	12
2158234	2157797	12
2158234	2157878	12
2158234	2158052	12
2158234	2158104	12
2158365	2158016	12
2158365	2158234	12
2158545	2158052	12
2158633	2158545	12
2158673	2157846	12
2158673	2158016	12
2158673	2158104	12
2158673	2158633	12
2158908	2158213	12
2158943	2158305	12
1111675	1111673	12
1112182	1111673	12
1234216	3156449	12
1234216	2278040	12
1234216	2157797	12
2163510	2163378	12
71355	71340	12
74281	74094	12
2983355	2157910	12
2983355	2983211	12
74350	74094	12
74403	74343	12
74466	74403	12
3221475	1234216	12
3221586	3221475	12
2173343	3156553	12
81748	81663	12
81777	60517	12
81777	81655	12
81800	81777	12
81939	81894	12
82011	81733	12
82164	81733	12
82164	81748	12
82164	81894	12
82242	81733	12
82242	81894	12
84475	84446	12
3230497	3230480	12
3230582	3230575	12
1134016	1133900	12
1134016	1133961	12
1134199	1134051	12
1134222	1134046	12
1134264	1133931	12
1134264	1134074	12
2183102	2182462	12
3231728	81777	12
3231728	3231636	12
3231829	3231728	12
3231989	3231772	12
3233180	3232896	12
2185553	1234216	12
2188007	3159836	12
94083	1108653	12
94083	2188007	12
94083	93883	12
1144881	1144812	12
1144979	1144945	12
1144979	1144962	12
97335	97285	12
2194761	3156449	12
2194761	2133854	12
2195091	2194833	12
99132	98390	12
3251839	3251704	12
3251890	3251692	12
3251890	3251731	12
3251977	3251536	12
3252109	3251977	12
1155236	1155027	12
1155313	1155027	12
1155426	1155409	12
1155426	1155412	12
1155439	1155367	12
1155439	1155409	12
2289889	2288643	12
1156804	94083	12
109004	108984	12
2206741	2798973	12
2206741	60163	12
2206741	2157910	12
2207003	2798973	12
2207003	1111275	12
2207003	2206640	12
2207106	2206334	12
2207128	2206813	12
2207128	2206898	12
2207205	2207106	12
2207280	2206451	12
2207280	2206862	12
2207295	2206610	12
2207295	2207030	12
2207415	60007	12
2207452	2206862	12
2207545	2206741	12
2207545	2206862	12
2207545	2207128	12
2207545	2207415	12
2207711	2206741	12
2207871	2207415	12
2207871	2207452	12
2207920	2206532	12
2208580	2207280	12
2208580	2207295	12
2208614	2207415	12
2208614	2207452	12
3257212	1238872	12
3257212	3255914	12
2208709	2206532	12
2208709	2207371	12
2208709	2208222	12
2208709	2208245	12
2208862	2206690	12
2208862	2207280	12
2208924	2207128	12
2208924	2207295	12
2208924	2208580	12
2209058	2207415	12
2209058	2207452	12
2209058	2208862	12
2209925	2209785	12
2209927	2209183	12
2210107	2209927	12
3258689	3255914	12
3261119	2158156	12
3261119	3261031	12
2213807	2213776	12
2214099	2213776	12
2214123	3185163	12
2214123	2983301	12
2214123	2983355	12
2214123	3221327	12
1166371	1166319	12
2215025	2214946	12
2215591	2215420	12
2215651	2215603	12
2215755	1234216	12
2215850	2215536	12
2215891	2215461	12
2215958	2215603	12
2215999	2215854	12
2216022	2215755	12
2216022	2215999	12
2216068	1234216	12
2216068	2216022	12
2216084	2215958	12
2216092	2215420	12
2216106	2215420	12
2216129	2215755	12
2216129	2215999	12
2216159	3261119	12
2216159	2215854	12
2216159	2215958	12
2216170	2215536	12
1173145	1173109	12
1175122	1174903	12
1175146	1175106	12
1175166	1174903	12
1175166	1175068	12
1175172	1175146	12
2224422	2209344	12
2224644	2209927	12
2226088	2226022	12
131007	130879	12
131007	130900	12
2228905	2188007	12
1181173	1181152	12
1181216	1181167	12
1181253	1181152	12
1181253	1181173	12
1181285	1181152	12
1181285	1181253	12
133097	2158052	12
133144	2158365	12
133219	2121708	12
133225	2157910	12
133265	2157910	12
133265	2158156	12
133319	133180	12
134529	134408	12
2234813	2206741	12
2234813	2234447	12
2234813	2234644	12
2236272	2236250	12
2236272	2236264	12
2236356	2236277	12
2236369	2236342	12
2236404	2236362	12
2236405	2236272	12
2236405	2236333	12
2236431	2236362	12
2236465	2236272	12
2236501	2236333	12
2236501	2236495	12
2236532	2236431	12
2236532	2236523	12
2236554	2236425	12
2236554	2236523	12
2236563	2236277	12
2236563	2236497	12
1188570	1188487	12
1188573	1188504	12
1188584	1188504	12
1188584	1188570	12
1188614	1188504	12
3287169	3287158	12
3287197	3287169	12
3287245	3287158	12
3287255	2195091	12
3287322	3221475	12
3287322	2237951	12
3287322	3287255	12
3287373	3287322	12
143865	143838	12
2121416	2121494	12
1201472	1201368	12
1202163	2194761	12
1202202	1202195	12
2251584	2228905	12
2252017	2251924	12
2252098	2252017	12
1207022	1206992	12
161734	161694	12
161823	161691	12
161823	161734	12
161893	161823	12
1210471	2158365	12
1210550	1210495	12
1210630	14961	12
1210630	3221705	12
1210630	133219	12
1210630	3287322	12
1210766	1210465	12
1210783	1210562	12
1210783	1210766	12
1210794	1210759	12
1210840	2120002	12
1210840	2158365	12
1210840	3261119	12
1210840	133352	12
162627	162434	12
1212729	3231728	12
1212835	81894	12
1212835	3231772	12
1212835	1212729	12
166299	166104	12
166424	166312	12
166468	166348	12
166468	166424	12
166551	166348	12
2798938	2798973	12
170691	170613	12
3319039	3319021	12
2272555	2271152	12
2275420	2275244	12
1226896	3286475	12
2277043	2277403	12
2277083	1234216	12
2277089	1234216	12
2277174	2277083	12
2277215	2110888	12
2277215	60445	12
2277215	2158365	12
2277215	1210630	12
2277215	1210840	12
2277314	1234216	12
2277502	2207106	12
2277520	2278040	12
2277520	2277089	12
2278009	2277089	12
2278009	2277174	12
2278009	2277502	12
2278157	2278703	12
2279269	2279191	12
2279319	1210840	12
2279390	3221327	12
2279390	2215603	12
2279624	2278009	12
2280508	2277520	12
2280606	2278009	12
2280639	2277403	12
2280639	2277520	12
2280639	2278157	12
2280639	2280538	12
3329280	3329183	12
1232987	1232549	12
1233947	1234216	12
1234132	1234008	12
1234144	1234008	12
1234232	1234008	12
1234232	1234132	12
1234243	1234216	12
1234305	1233997	12
187477	187379	12
1237712	1237702	12
1238299	1238872	12
1238739	1237702	12
2288514	2236465	12
2288608	2288703	12
2288608	2289519	12
2288668	2288514	12
2288739	19051	12
2288739	2120002	12
2288739	2277403	12
2288739	60007	12
2288739	3218361	12
2288739	3221475	12
2288739	81733	12
2288739	81777	12
2288739	81894	12
2288820	2288643	12
2288883	2288668	12
2288908	2288503	12
2288957	2288514	12
2289027	2289519	12
2289052	2215603	12
2289052	2288471	12
2289073	2288643	12
2289073	2288514	12
2289083	2289889	12
2289141	2288649	12
2289153	2213925	12
2289153	2215755	12
2289153	2216106	12
2289153	2216192	12
2289153	1210794	12
2289153	1234008	12
2289153	2288816	12
2289153	2289083	12
2289168	2288739	12
2289168	2288883	12
2289168	2288989	12
2289188	2288464	12
2289188	2288608	12
2289200	2288908	12
2289222	2289889	12
2289222	2288739	12
2289222	2288866	12
2289222	2289052	12
2289240	2288615	12
2289240	2288730	12
2289240	2289153	12
2289256	2288916	12
2289256	2289222	12
2289297	2288703	12
2289297	2288739	12
2289297	2288883	12
2289297	2289141	12
2289297	2289200	12
2289355	2289889	12
2289355	2288503	12
2289355	2288830	12
2289355	2288989	12
2289355	2289052	12
2289368	98069	12
2289368	2207003	12
2289368	2236465	12
2289368	2288668	12
2289387	2289889	12
2289387	3287322	12
2289387	2288668	12
2289387	2289188	12
2289416	2288703	12
2289416	2288996	12
2289416	2289083	12
2289416	2289355	12
2289435	2158365	12
2289435	2207106	12
2289435	2216068	12
2289435	1234008	12
2289459	2288866	12
2289459	2289073	12
2289627	2289803	12
2289627	2288608	12
2289627	2288820	12
2289627	2289222	12
2289627	2289459	12
2289763	2236465	12
2289763	2288555	12
2289763	2288908	12
2289763	2289222	12
2289793	2288608	12
2289797	2288989	12
2289797	2289141	12
2289797	2289368	12
2289797	2289459	12
2289797	2289763	12
2289817	2288643	12
2289817	2288668	12
2289817	2288996	12
2289828	2289256	12
2289828	2289435	12
2289846	2289188	12
2289846	2289459	12
2289846	2289797	12
2289868	2289763	12
2289944	2289188	12
2289944	2289323	12
2289961	2288739	12
2289961	2289073	12
2289961	2289141	12
2289961	2289416	12
2289988	2288555	12
2290031	2289435	12
2290038	2288643	12
2290038	2289763	12
2293413	1210840	12
2293413	2279390	12
2293453	2293401	12
2293453	2293413	12
2293513	1155426	12
2293513	133319	12
2293513	133352	12
2293513	2293423	12
1245534	1111275	12
3344156	3342875	12
3344156	3343146	12
2130289	2130143	12
1251448	1234216	12
3349868	3349744	12
3349983	3349798	12
2301650	2301875	12
2301823	2301650	12
2302017	2301650	12
2302017	2301949	12
2302046	2301850	12
2302051	2301960	12
2302144	2301650	12
2302173	2301960	12
2302177	2301960	12
2302185	2302144	12
2302185	2302177	12
2302215	2301960	12
2302592	60007	12
2302944	2279390	12
2302944	2302577	12
2302995	2302577	12
2303338	2302944	12
209222	209043	12
908920	94083	12
3357972	2110673	12
3357972	81733	12
3357972	3231728	12
3358106	3357972	12
3358195	2207003	12
3358195	2207415	12
3358195	2208709	12
3358195	2296304	12
3358240	2206741	12
3358609	3147458	12
3358609	1077760	12
3358609	60224	12
3358609	60251	12
3358609	2158365	12
3358609	2277083	12
3358609	2301617	12
3358609	3358106	12
3358677	3358195	12
214358	3258450	12
3361282	60007	12
3361319	3361282	12
3361319	3361312	12
3361464	3361282	12
3361464	3361319	12
3361981	1210630	12
3362209	3362168	12
2315586	2315450	12
2315937	2315532	12
220061	220003	12
220080	220009	12
220124	219880	12
221471	220647	12
2319595	2319538	12
222683	222408	12
2320264	2320105	12
2320358	98069	12
2320358	2320105	12
2320358	2320264	12
2833649	2288739	12
4421917	2288989	12
4422248	2289052	12
228904	3287322	12
228904	228852	12
229005	2173343	12
1277718	2215603	12
2327503	1134105	12
2327586	1210465	12
2327653	2157797	12
2327653	2289153	12
2327743	2157797	12
2328042	2207003	12
2328042	2327743	12
2328067	2206741	12
2328144	2327653	12
2328170	2328067	12
2328208	2327743	12
2328208	2328042	12
2328234	18944	12
2328234	2208709	12
2328234	2327783	12
2328247	2328208	12
232907	232824	12
232957	2289153	12
232957	2289435	12
233026	2983355	12
233026	2216068	12
233045	232885	12
233091	3218361	12
233091	2173343	12
233091	1210465	12
233091	2289435	12
233091	2293513	12
233091	2327653	12
233202	232885	12
233336	2288739	12
233378	233045	12
233410	2289153	12
3010860	3156449	12
2338237	2288739	12
2338737	2104678	12
2338737	3221475	12
2338737	81777	12
2338737	2277083	12
215596	215907	12
3361549	3361312	12
3361549	3361424	12
3361549	3361464	12
3012626	3012516	12
2363840	2363803	12
2364082	2363571	12
4461351	2289519	12
4461351	2236523	12
4461351	2289416	12
4461351	2289817	12
2364508	2364129	12
220108	220080	12
2371675	2371559	12
2374642	2374461	12
2374825	2374461	12
2374825	2374781	12
2942248	2228905	12
279642	2158365	12
279683	279660	12
279695	81777	12
279695	133219	12
279695	1210465	12
279695	279660	12
279749	279642	12
279749	279683	12
2318555	2289153	12
2318555	2664945	12
3542428	2288739	12
287960	287886	12
1337304	1337301	12
1337306	1337267	12
1337339	1337317	12
1337357	1337304	12
1337357	1337354	12
1338234	1338211	12
1338244	1338211	12
1338255	1338111	12
1338255	1338244	12
2386932	2386906	12
290795	290709	12
290805	290677	12
290805	290795	12
290946	290677	12
291029	1134105	12
254249	254368	12
1344357	1344267	12
2396538	1111275	12
2396538	2289153	12
2396538	3357972	12
2396538	2328234	12
2396549	2206741	12
2396549	2207003	12
2396549	1210630	12
2396549	2338737	12
2396554	2280538	12
2396554	2396552	12
2396579	2157910	12
2396581	3161015	12
2396581	2277215	12
1348558	1234216	12
1348893	2215603	12
1348893	1210840	12
303690	303679	12
314422	3227183	12
315384	3287322	12
315415	315383	12
1364511	1210630	12
1364565	1210630	12
1364565	1210840	12
1364565	233091	12
1364592	1210931	12
1364592	291029	12
1365056	1364511	12
1365056	1364592	12
1365056	1364806	12
2414129	3227183	12
3746622	2288739	12
3746622	2293513	12
3463930	3463838	12
3464055	3463689	12
3464087	3464055	12
1372606	194498	12
1373016	3319099	12
3470275	3287322	12
3470447	3470275	12
229035	2289435	12
229035	228904	12
229035	233091	12
2424491	2424463	12
329480	3337298	12
3476495	1234216	12
3476495	3476398	12
331135	331032	12
331204	331032	12
3477476	2320358	12
230632	230630	12
3481337	3156449	12
1384631	3159883	12
1384631	81894	12
1384632	3358609	12
1384962	1384864	12
1385008	1384641	12
1385036	1384864	12
1385036	1384962	12
1385067	2158365	12
1385067	81663	12
1385067	82011	12
1385067	2207106	12
1385067	2207415	12
1385067	132474	12
1385067	1210471	12
1385067	3361464	12
1385067	2327503	12
1385108	1385008	12
1385126	3168726	12
1385126	2157797	12
1385126	1132420	12
1385126	2288739	12
1385126	3357972	12
1385126	2328234	12
1385126	1384817	12
1385146	1385126	12
2434376	2434103	12
2502904	1238872	12
2328190	2328208	12
338389	3161015	12
338390	338386	12
338406	338392	12
338643	338609	12
338656	338643	12
341380	3221705	12
341380	2279390	12
341380	2289153	12
341380	2293380	12
341505	341087	12
1390826	290709	12
1390826	1390796	12
343035	2798649	12
343035	2799590	12
343089	2207415	12
343089	2251584	12
343089	3358609	12
343093	2277215	12
343093	2396554	12
343094	2396549	12
343129	343061	12
343129	343093	12
343131	343089	12
343131	343093	12
343135	343061	12
343135	343091	12
2443976	2443934	12
2444356	2444004	12
2444366	2443934	12
348368	52640	12
3203904	3203895	12
233061	232824	12
233061	233045	12
233264	232824	12
233264	233091	12
233264	233316	12
351108	351100	12
1402873	1402773	12
1402873	1402733	12
356279	1076925	12
356279	2363321	12
3502078	3502016	12
1108012	1108120	12
2454683	3481337	12
59985	60163	12
59985	60248	12
234832	52640	12
234832	2315952	12
234832	338390	12
234832	356279	12
60171	60112	12
60171	82242	12
60171	2121416	12
60171	2288739	12
60171	1384631	12
60171	60036	12
3512232	1210840	12
3512232	3358609	12
366531	352299	12
2333028	1174903	12
2466363	1136299	12
2466363	2403873	12
2467314	2467138	12
1420896	1420977	12
1420934	1420896	12
1421004	1111275	12
1421004	2251584	12
1421004	1420934	12
1421062	2207003	12
1421062	1420934	12
1810406	94083	12
1111655	1112050	12
3526597	14961	12
3526597	2327653	12
3526672	3526949	12
3526678	2158156	12
3526678	2279390	12
3526678	2327503	12
3526756	3526949	12
3526756	3526672	12
3526891	3526756	12
3527028	1210630	12
3527028	3526837	12
1430255	1237702	12
1430255	349331	12
2478843	2479339	12
1430273	3257212	12
2478878	2479339	12
2478880	60163	12
2478880	81733	12
2478881	2479339	12
2478881	60007	12
2478881	94083	12
2478888	2478878	12
2479013	2479339	12
2479027	2478880	12
2479136	60007	12
2479136	3231728	12
2479136	2478888	12
2479182	3210469	12
2479182	3231669	12
2479182	3358240	12
2479182	3361282	12
1431742	3481337	12
1431912	1431848	12
1432869	1432866	12
1432932	1234216	12
1432932	2289368	12
1432932	1432966	12
1432932	1432848	12
1432932	1432901	12
1433003	1432908	12
1433051	1210630	12
1433051	2327503	12
1433051	1432901	12
1433093	1432880	12
1433093	1433051	12
1433119	2289153	12
1433119	1433003	12
1433179	1432880	12
2327964	2207003	12
2327964	2293513	12
2327964	3526678	12
3530619	3530515	12
1434729	1434495	12
1434790	1434495	12
1434790	1434707	12
3532379	3532398	12
3532379	3532642	12
3532560	3532642	12
3532624	3532642	12
3532657	3532379	12
3532657	3532560	12
1439429	1439460	12
392372	1067436	12
392372	391746	12
394292	394170	12
3542227	3542356	12
3542244	2289153	12
2493705	2493625	12
3542328	3542428	12
3542328	3542227	12
3542394	2289153	12
3542456	3542227	12
3542475	3542244	12
3542475	3542338	12
397813	397726	12
399151	2277349	12
3545750	3545653	12
2500212	2121460	12
3550046	3550655	12
3550064	3550655	12
3550118	3550599	12
3550196	3550655	12
3550196	3550108	12
3550250	3550334	12
3550271	3550034	12
3550395	3550046	12
3550395	3550156	12
3550422	3550196	12
3550519	3550156	12
3550575	3550064	12
3550615	3550196	12
3550639	3551006	12
3550639	3550196	12
3550668	3550599	12
3550689	3550971	12
3550704	2110621	12
3550704	3550034	12
3550704	3550395	12
3550704	3550422	12
3550849	3550575	12
3550890	2110888	12
3550890	60163	12
3550890	60517	12
3550890	3550655	12
3550890	2479182	12
3550890	416562	12
3550890	3550395	12
3550890	3550668	12
3550931	3550156	12
3550950	2110621	12
3550950	2121708	12
3550950	3358195	12
3550950	3358609	12
3550950	3550129	12
3550950	3550668	12
3551020	3550704	12
405793	2289153	12
405890	2289153	12
405890	405793	12
405890	405887	12
406108	405639	12
406133	406046	12
406534	406108	12
3552516	3552492	12
2505033	2504962	12
410452	410292	12
3557615	3557782	12
3557736	3557475	12
2509517	1234216	12
2509517	2289153	12
2509593	2277215	12
2509593	2302577	12
2509674	2509636	12
2509682	2509593	12
3559115	3315656	12
3559115	329480	12
415737	415714	12
1991735	2974249	12
1991735	84830	12
1991735	2260620	12
1991735	2289153	12
1991735	1282190	12
416205	3550704	12
1464803	1464794	12
416373	2157797	12
416373	81777	12
416373	3231728	12
416373	132474	12
416373	3358240	12
416373	2479182	12
416373	3550046	12
416397	2110888	12
416469	416162	12
416506	2110595	12
416506	2110621	12
416506	2110720	12
416506	3159674	12
416506	2277403	12
416506	60079	12
416506	81733	12
416506	81894	12
416506	1155426	12
416506	1208896	12
416506	2277083	12
416506	2277502	12
416506	2293413	12
416506	2302944	12
416506	3357943	12
416506	1384639	12
416506	2478880	12
416530	416162	12
416530	416282	12
416599	416506	12
416631	416530	12
416685	416562	12
2514608	3227183	12
1469960	2173343	12
1470148	1234216	12
1470171	1470156	12
1470246	1470142	12
1470316	19051	12
1470316	2173343	12
1470316	1133900	12
1470316	1237148	12
1470316	2288514	12
1470316	233045	12
1470316	233410	12
1470316	3481337	12
1470316	3542244	12
1470356	1470276	12
1470356	1470316	12
1470376	2214123	12
1470376	2216068	12
1470376	1210465	12
1470376	2664945	12
1470376	3746622	12
1470376	375122	12
1470376	1470218	12
1470376	1470255	12
2213803	2213842	12
2213803	2213925	12
1471594	3358609	12
1471610	2277403	12
1471610	2228905	12
1471610	338389	12
1471610	338390	12
1471610	2509517	12
3569580	3569552	12
3569683	3569552	12
3569702	3569683	12
425227	1136299	12
425227	3492777	12
425227	2466363	12
425227	3559115	12
3550294	3551006	12
3550294	3550575	12
3550294	3550849	12
1474463	3358195	12
1474463	1385126	12
1474463	2479182	12
426026	2157797	12
1474858	60430	12
1474858	416506	12
426765	14961	12
426765	2123672	12
426765	1210465	12
426765	1210471	12
426765	1210840	12
426765	2293513	12
426765	2327503	12
426765	397775	12
426953	426772	12
427010	2288739	12
427183	427161	12
427242	426772	12
428996	3218361	12
428996	3218395	12
428996	2173343	12
428996	2194761	12
428996	2214123	12
428996	1210630	12
429062	429024	12
429080	429062	12
3575014	3575010	12
430072	429899	12
431415	2293513	12
431415	431328	12
431454	431336	12
1470023	1470016	12
1480390	3218361	12
1480390	2215603	12
1480390	2279390	12
3579813	3579440	12
434510	3159836	12
1486322	1486319	12
3584851	2209927	12
3584851	3330954	12
2536529	1341078	12
2536529	1470376	12
2536529	435267	12
440094	2289435	12
440201	2983301	12
440201	2265523	12
440201	2289368	12
440380	2289435	12
440380	440220	12
440584	2265523	12
440728	19051	12
440728	2157910	12
440728	3261119	12
440728	2216092	12
440728	1210465	12
440728	229005	12
440728	233410	12
440728	1385067	12
440728	3526597	12
440728	1432932	12
440728	2327964	12
440835	440094	12
440835	440728	12
440858	440835	12
1494139	1486322	12
2543200	2542754	12
3569655	3569580	12
449622	2100961	12
449622	3161015	12
449622	1076925	12
449622	60007	12
449622	1111275	12
449622	1111675	12
449622	1471610	12
449622	449096	12
450180	449796	12
1498799	1498407	12
1498822	1498799	12
1498956	1498822	12
2549041	2549018	12
452257	452060	12
2550778	2550717	12
2550849	2550778	12
2550852	2550717	12
454303	454220	12
2552178	2183102	12
2552178	2228905	12
2552178	147219	12
3602814	3315656	12
3603091	2157797	12
3603091	2289435	12
3603091	2536529	12
1935624	1934873	12
3603962	1111275	12
3603962	3358609	12
3603962	2396549	12
3604079	2277215	12
3604079	1245534	12
3604079	3358240	12
3604079	1421004	12
3604079	1421090	12
3604079	434510	12
3604079	3603927	12
2556650	2556581	12
2556664	2556528	12
2556664	2556650	12
2556872	2556604	12
1510032	1509996	12
461865	461936	12
462757	462804	12
463090	463073	12
463103	81748	12
463289	2478881	12
463289	2479182	12
463342	463073	12
463342	463289	12
463370	1384631	12
463370	2478881	12
463588	463090	12
463588	463248	12
463654	60430	12
463654	81894	12
463654	463221	12
463654	463354	12
2319938	2319856	12
2561873	2561842	12
464723	1132839	12
464723	1212835	12
465329	465195	12
3614493	1077760	12
472999	434510	12
473066	60007	12
473066	2206741	12
473066	2228905	12
473066	3358195	12
473066	2396549	12
473066	302725	12
473066	1384631	12
473066	2478880	12
473066	2479182	12
473066	3550704	12
473066	3604079	12
473066	472999	12
3620142	3221475	12
3620142	94083	12
3620142	1210465	12
3620142	1210931	12
3620142	2293513	12
3620142	2318555	12
1523172	1523103	12
3620376	3358195	12
3620376	3604079	12
3620521	3620376	12
3620757	1081414	12
3620807	3620376	12
3621150	3620757	12
1524228	2364309	12
1524479	1524228	12
1524697	3584851	12
1524733	1524346	12
1524792	1524733	12
1524807	1524697	12
1524840	1524346	12
1525065	2209785	12
1525065	376254	12
1525065	1524491	12
1525065	1524807	12
1525065	1524840	12
1525176	1524788	12
1525242	1525032	12
1525346	1524228	12
1525346	1524807	12
1525438	1524258	12
1525438	1524346	12
2575661	1143668	12
2575661	3550064	12
2575661	3550704	12
2575920	209116	12
2575920	230632	12
2576047	2575999	12
3626039	81777	12
3626039	2293513	12
3626039	3620376	12
3626180	3626039	12
3626367	2396538	12
3626367	449622	12
3626675	2208709	12
3626675	3357972	12
3626675	3358195	12
3626675	3626144	12
3626793	3626367	12
3626891	3626229	12
3626891	3626705	12
429945	429899	12
429945	430072	12
430086	2228905	12
430086	430350	12
3629429	3629355	12
2580905	2580794	12
2580948	2580905	12
2581055	2581021	12
2581127	2581021	12
1532568	2236369	12
1532568	3319099	12
2581177	2386906	12
2581177	2580961	12
1532611	98069	12
1532824	1532808	12
1534782	74403	12
1534782	1351914	12
1534782	1534087	12
486582	486540	12
486640	486540	12
486655	486540	12
486659	486553	12
486659	486582	12
486678	486553	12
486678	486565	12
488183	1074703	12
488183	2573007	12
2586379	2214123	12
2586379	1210630	12
2586380	3221327	12
2586380	229005	12
2586380	2328067	12
2586380	426026	12
2586441	2586402	12
2586510	3221705	12
2586510	3287322	12
2586512	2214123	12
2586512	2328234	12
2586512	2586402	12
2586524	2586389	12
1539844	1539775	12
491671	490930	12
494993	2237951	12
1545407	1545388	12
1545413	1545405	12
496846	497618	12
497073	496846	12
497192	497618	12
2594372	1934873	12
2594372	1133900	12
2594372	2289368	12
2594372	1432869	12
2594372	1480390	12
2594372	2536529	12
497233	497192	12
497342	497648	12
497392	496846	12
2594634	2594574	12
497498	496904	12
497578	496846	12
2594773	2594372	12
497731	497233	12
497992	2209927	12
2598339	1108653	12
2598339	2833649	12
2598339	1282190	12
1831504	3227219	12
3579346	3579420	12
1378545	1378563	12
1378545	1378634	12
506281	505643	12
509313	463370	12
509313	509095	12
434479	416506	12
3655535	1430273	12
1558542	2206741	12
1558563	1385067	12
1558563	3626675	12
1558667	2207415	12
1558744	1558629	12
1558769	416506	12
1558769	1558629	12
1558844	1558733	12
1559078	1558563	12
1559078	1558667	12
1559078	1558769	12
1559124	1558844	12
1559191	2206741	12
1559191	1558844	12
1559198	1559078	12
1559203	1558733	12
2607858	2607794	12
1559353	60430	12
1559353	60517	12
1559353	2206690	12
1559353	1210840	12
1559353	2289435	12
1559353	2327503	12
1559353	343093	12
1559353	3550704	12
1559353	1558530	12
1559353	1558733	12
3656645	3614307	12
1134067	1133931	12
515546	3614307	12
517368	3161015	12
519860	519782	12
519906	519784	12
519906	519847	12
519997	519841	12
519997	519975	12
3665992	335108	12
1569516	440728	12
3667357	2277403	12
3667357	1112182	12
3667357	2207106	12
3667357	2207415	12
3667357	2208709	12
3667357	2277083	12
3667357	2289153	12
3667357	1297871	12
3667357	2396549	12
3667357	2396581	12
3667357	2509517	12
3667357	2550845	12
3667357	2553843	12
3667405	3667357	12
3667720	3667357	12
522284	522130	12
522660	488183	12
2009555	3251536	12
1571858	1571668	12
1571973	1571707	12
1571973	1571858	12
2622074	2157878	12
2622074	2158943	12
2622074	2207003	12
2622074	133231	12
2622074	3337478	12
2622074	2289368	12
2622074	3358609	12
2622074	2327503	12
2622074	279683	12
2622074	279749	12
2622074	341173	12
2622074	434510	12
2622077	2157797	12
2622077	2158156	12
2622078	2157910	12
2622078	2279390	12
2622078	279642	12
2622146	2622079	12
2622184	2157797	12
2622184	2157910	12
2622184	133219	12
2622350	2622078	12
2622350	2622184	12
3672321	2216022	12
3672321	2236501	12
3672321	2279390	12
3672321	2338237	12
528736	528601	12
530108	338389	12
2629210	366531	12
535644	535571	12
2636504	306237	12
2636504	2466363	12
2636504	3559115	12
2536688	2536529	12
2639612	3337298	12
2639612	2485354	12
2639612	425227	12
2639612	3602814	12
440154	440201	12
440154	440380	12
544049	544010	12
1595388	1595106	12
1595388	3584851	12
1596430	1134105	12
1596430	2216068	12
1596430	2293513	12
1596430	2327503	12
1596430	2328234	12
1596683	1596442	12
1596683	1596677	12
1596727	1596677	12
1596727	1596683	12
1596853	1596683	12
2646158	2646079	12
1599470	1133999	12
1599470	2328234	12
1599470	1596430	12
1599705	1210840	12
1599725	1133900	12
1599725	1134105	12
1599725	1364806	12
1599725	1599509	12
2363794	2364129	12
1599964	1599922	12
1599985	1599725	12
1600012	1599781	12
3697203	2237951	12
3697203	2536529	12
1600162	2123672	12
1600162	1433051	12
1600162	440728	12
1600294	1133900	12
1600294	1364592	12
1600294	1600012	12
1600392	1599781	12
1600392	1599964	12
1600392	1600012	12
1600392	1600035	12
1600462	1599470	12
1600482	1599922	12
1600492	1599725	12
1600492	1599817	12
1600513	2123672	12
1600513	1599509	12
1600513	1599985	12
1600513	1600439	12
1600513	1600482	12
1600614	1599867	12
1600614	1599985	12
1600674	1600012	12
1600674	1600035	12
1600749	1599470	12
1600749	1599725	12
1600749	1600614	12
1600866	1600012	12
1600866	1600674	12
1600895	1599985	12
1601033	1600866	12
1601090	2127113	12
1601090	2127308	12
1601090	1134105	12
1601090	2327653	12
1601090	1599781	12
1601132	1599725	12
1601132	1599867	12
2364368	2363794	12
2652579	2652515	12
2714145	1385126	12
2714145	2478881	12
2714145	430253	12
3703974	147293	12
3703974	2277215	12
3704156	3703974	12
3704269	3703943	12
2656089	130879	12
1608190	1525529	12
3705551	3705494	12
792357	2173343	12
3705645	3705354	12
3705645	3705477	12
3705699	2978288	12
3705699	2157797	12
3705699	2213925	12
3705699	3286475	12
3705699	2247239	12
3705699	166132	12
3705699	2999319	12
3705699	2279390	12
3705699	2289368	12
3705699	2289387	12
3705699	2302592	12
3705699	1385126	12
3705699	3542244	12
3705699	440380	12
3705699	2556604	12
3705699	3705440	12
3705755	3705354	12
3705755	3705589	12
3705800	3705440	12
3705895	3705551	12
3706456	2855235	12
1610382	3614493	12
1610421	1077760	12
1610469	515592	12
563670	2288739	12
94139	94083	12
3711088	60445	12
3711088	2121416	12
3711171	3550046	12
3711171	3550064	12
3711171	3550890	12
3711243	3711088	12
3711392	3358195	12
3711392	3550064	12
3711538	3711171	12
3711538	3711320	12
2663646	2396581	12
2663646	3512326	12
2663646	3550704	12
2665089	2594372	12
2665089	2665044	12
568297	1292736	12
568297	3614493	12
1618664	329480	12
1618664	425227	12
2367977	2367889	12
2367977	2367995	12
2367977	2368068	12
2542940	2542754	12
2542940	2543081	12
2674798	2315952	12
2674798	394170	12
2674798	3552516	12
2674798	1471610	12
2542981	2237951	12
2542981	2289627	12
2542981	428996	12
3724253	1431742	12
3725695	3725644	12
2677457	2677396	12
3726199	3725644	12
1629340	1629247	12
2679707	2679695	12
2679960	2293513	12
2679960	2654000	12
2679960	2679897	12
2680060	2680047	12
2680101	133144	12
2680101	279695	12
2680127	2157797	12
2680127	133219	12
2680127	2680172	12
2680207	2680060	12
2680207	2680161	12
3731239	3261119	12
3731239	2216159	12
3731239	1210840	12
3731239	2279390	12
3731239	2289368	12
3731239	2289435	12
3731239	2318589	12
3731239	232824	12
3731239	232957	12
3731239	233316	12
3731239	428996	12
3731239	440584	12
3731283	3221475	12
3731283	1210840	12
3731283	2318589	12
3731283	2664945	12
3731283	3731215	12
3731309	3731326	12
3731319	1470316	12
3731344	2120002	12
3731344	1934873	12
3731344	2318589	12
3731344	2327653	12
3731344	1432932	12
3731352	3731239	12
3731945	94083	12
588774	3358609	12
588774	416506	12
588774	2663646	12
3735034	3734932	12
3737544	1212729	12
3737594	2206741	12
3737594	1212729	12
3737594	3358195	12
2289333	2289222	12
1643148	446522	12
1846898	2133834	12
1846898	1089515	12
448913	343093	12
448913	448527	12
1646623	2289153	12
1646623	449622	12
1646623	3604079	12
1646623	1571858	12
1646931	517368	12
274648	274616	12
274694	274764	12
3746668	1470316	12
3746668	3731283	12
3746688	2133874	12
3746688	1470316	12
3746688	1470376	12
3746688	1480390	12
2546840	2546767	12
3746845	3746668	12
3746882	3746688	12
3746957	3746882	12
3746975	3746688	12
3746975	3746957	12
2700853	2293513	12
2701046	2701016	12
3750030	170693	12
3750030	3750013	12
3750675	1132839	12
3751492	3751399	12
3751527	3751464	12
2897334	3705699	12
1656504	1316188	12
3753935	3753918	12
3753961	3753868	12
3753961	3753889	12
3753961	3753950	12
3755400	2209820	12
3755432	2209927	12
3755432	375122	12
3755432	496846	12
3755432	1595388	12
3755453	166378	12
3755626	2364129	12
1659906	1659520	12
1660624	349331	12
2709669	2289435	12
2709669	440584	12
1661301	215297	12
1661373	3258450	12
1661373	3652769	12
1661373	1660624	12
1500323	1500271	12
3759728	2301875	12
3759728	2302135	12
451960	452449	12
2712320	473066	12
2712320	2712213	12
2712320	2712224	12
615793	2251924	12
2715120	2353	12
2715120	3337298	12
2715120	2485354	12
2715120	1298003	12
2715120	306237	12
2715120	3559115	12
1906062	3477476	12
619708	619819	12
1676876	2208709	12
1676876	2396538	12
1676876	2396579	12
1676876	1471610	12
1676876	449622	12
1676876	3603962	12
1676876	3626675	12
1676876	1558563	12
1677073	81777	12
1677073	3231728	12
1677073	2207415	12
1677073	2301333	12
1677073	2478880	12
1677073	434510	12
1677073	3626675	12
1677073	1559353	12
1677073	3667357	12
1677073	588774	12
1677073	2712320	12
279632	2158365	12
279632	1210630	12
279632	2289435	12
1678419	1678185	12
1678210	1351914	12
1681786	1681655	12
3779372	3779362	12
2730852	2293706	12
2730852	2580699	12
2730852	2580794	12
2730852	2581177	12
2730852	1600513	12
2730885	2293513	12
2730885	2580948	12
2730885	1599470	12
2730916	14820	12
2730916	14961	12
2730916	2207003	12
2730916	2216159	12
2730916	2293542	12
2730916	2301960	12
2730916	2327620	12
2730916	2327743	12
2730916	2338737	12
2730916	3526678	12
2730916	3527028	12
2730916	2505027	12
2730916	1486322	12
2730916	1596677	12
2730916	1600294	12
2730947	2730877	12
2730959	2730916	12
2730992	2730916	12
2731022	2730997	12
2731044	2327653	12
2731044	2328234	12
2731044	1385067	12
2731044	2581021	12
2731044	1599725	12
2731044	1601090	12
2731089	2730852	12
2731124	2731002	12
2731124	2730975	12
2731131	2730929	12
2731139	2731116	12
2731151	2730862	12
2731151	2731044	12
2731166	2730862	12
2731166	2730947	12
2731176	2730997	12
2731210	2730975	12
2731210	2731166	12
2731296	14820	12
2731296	2328067	12
2731296	279695	12
2731296	1385067	12
2731296	416397	12
2731296	440728	12
2731296	1596677	12
2731296	2700853	12
2731296	2731008	12
2731296	2731089	12
2731296	2731147	12
2731330	2730916	12
635454	2536529	12
2884287	1282190	12
2500220	2121708	12
2500220	2500208	12
2500220	2500324	12
3251822	3251502	12
3251905	3251536	12
637440	2277349	12
637440	2414129	12
637440	2573007	12
2735004	2734974	12
3252038	3251536	12
3252038	3251905	12
1688049	94083	12
1688049	1688041	12
1689226	1688841	12
1689313	1688788	12
641591	1134105	12
641596	641591	12
641618	641591	12
641850	641596	12
2740156	4422440	12
2740818	1132839	12
2740818	94083	12
649868	1385067	12
649868	343089	12
649868	568297	12
649914	515546	12
649914	568297	12
650011	3614307	12
650011	515592	12
650011	1610382	12
1523075	1523172	12
1523075	1523214	12
4477614	1210840	12
4477614	1364511	12
4477614	1364806	12
964496	964482	12
2751177	2750825	12
2752428	410436	12
2754176	99607	12
2754176	3343960	12
2754275	2754176	12
2731053	2731022	12
2731053	2731116	12
2731053	2731121	12
2731053	2731147	12
2731143	2730862	12
658271	658088	12
1158377	14820	12
2756546	1108653	12
2756546	2183102	12
2756546	2228905	12
2756546	2260620	12
2756546	3705699	12
2756626	3705832	12
2756626	2884287	12
2756716	1226896	12
2756716	4495924	12
2756716	2740818	12
2207524	2207106	12
663575	2214123	12
663575	1210630	12
663575	2396538	12
663575	2509609	12
663575	1470316	12
663575	3626675	12
663575	430086	12
663575	3705895	12
664869	1116187	12
664869	1235945	12
664869	254368	12
664869	2356736	12
1713808	1713696	12
2762475	2762446	12
2765030	2158156	12
2765030	133219	12
2765030	133265	12
2765035	2765027	12
2396541	2396538	12
2396541	2396569	12
2765459	3570275	12
406344	405888	12
406344	406133	12
2396573	3161015	12
2396573	1111675	12
2396573	2289435	12
2396573	2302592	12
2396573	2396552	12
2396573	2396567	12
2396573	2396571	12
2396573	2550852	12
2396573	588774	12
2396573	2396541	12
2768079	517368	12
2768079	588774	12
1510183	1509996	12
4482033	399151	12
287922	287870	12
287922	287886	12
287922	288116	12
1729540	2277349	12
463475	463248	12
463475	463354	12
463475	463588	12
685814	685788	12
685948	1748301	12
685948	18944	12
685948	2158365	12
685948	2214123	12
685948	2215755	12
685948	166378	12
685948	2277215	12
685948	2279390	12
685948	2289627	12
685948	2293513	12
685948	2319856	12
685948	4461351	12
685948	3542244	12
685948	1470156	12
685948	3569708	12
685948	428996	12
685948	2622074	12
685948	1596430	12
685948	1600513	12
685948	3705699	12
685998	1748301	12
685998	14820	12
685998	2277403	12
685998	2157910	12
685998	2158365	12
685998	1934873	12
685998	2215536	12
685998	2228905	12
685998	2289627	12
685998	2293513	12
685998	2327653	12
685998	4461351	12
685998	1348893	12
685998	3486726	12
685998	426765	12
685998	2536529	12
685998	2586380	12
685998	1596430	12
685998	1601090	12
686070	685814	12
686109	685948	12
686140	14961	12
686140	2216903	12
686140	1210840	12
686140	1364592	12
686140	3569580	12
686140	1587014	12
686244	1234216	12
686244	1210630	12
686244	3731283	12
686244	685788	12
686474	1216781	12
686583	685998	12
686583	686070	12
686589	2216192	12
686589	2277215	12
686589	2338737	12
686589	1433119	12
686589	1600162	12
686602	686140	12
686611	685784	12
686611	685998	12
686611	686589	12
686616	2288739	12
686616	1433051	12
686616	685784	12
686616	685928	12
686639	686070	12
686639	686611	12
686683	1432932	12
686683	686500	12
686683	686639	12
686723	1210630	12
686723	2289435	12
686723	1470316	12
686723	1470376	12
686723	3731344	12
686723	686309	12
686723	686639	12
2783899	140053	12
686792	2237951	12
686792	1234008	12
686792	3349868	12
686792	343094	12
686792	2327964	12
686792	2586379	12
686792	685788	12
686792	685928	12
686792	686060	12
686792	686780	12
1735424	1735155	12
1735542	1735424	12
1735542	1735484	12
1735642	1210840	12
1735642	2301850	12
1735642	2679960	12
1735667	2386982	12
1735667	2731296	12
1735684	1735542	12
1735727	2730916	12
1735727	1735102	12
1735777	1735484	12
1337908	1338026	12
1338146	1338244	12
2786698	1056220	12
2786698	2816553	12
2786698	1385067	12
2786698	60171	12
2786698	3620757	12
1384775	60517	12
1384775	2288739	12
1524442	74289	12
1524442	1524346	12
1524442	1524792	12
2327528	2327990	12
290786	290887	12
2793965	449622	12
2794024	1073946	12
1689044	1689313	12
1747797	1134105	12
2797877	343091	12
2798044	343094	12
2798057	2798938	12
2798057	343061	12
2798112	2798973	12
2798112	343035	12
2798112	2797877	12
2798130	2206741	12
2798130	2277083	12
2798130	2288883	12
2798130	2289153	12
2798130	1559353	12
2798140	343061	12
2798140	2798057	12
2798140	2798130	12
2798270	2798973	12
2798270	343093	12
2798317	343093	12
2798317	2798112	12
2798395	2207415	12
2798395	2208709	12
2798395	2396566	12
2798395	343086	12
2798395	343091	12
2798395	343131	12
2798395	440728	12
2798395	449622	12
2798395	1559353	12
2798446	343035	12
2798446	343094	12
2798450	2798044	12
686761	685814	12
2798506	2798395	12
2798560	2797877	12
2798569	343091	12
2798569	343128	12
2798569	343129	12
2798569	449796	12
2798569	2396573	12
2798569	686140	12
2798569	2798560	12
2798670	2798973	12
2798670	2288739	12
2798670	2289153	12
2798670	343035	12
2798670	2798044	12
2798696	2798270	12
2798696	2798446	12
2798696	2798560	12
2798771	2798057	12
2798771	2798569	12
2798783	343093	12
2798783	2798044	12
2798783	2798112	12
2798783	2798130	12
2798815	2214123	12
2798815	2288739	12
2798815	3667357	12
2798815	685998	12
2798815	2798216	12
2798815	2798696	12
2798815	2798771	12
2798815	2798783	12
1689809	1688788	12
1689809	1688841	12
2799065	2798973	12
2799065	2798938	12
2799065	343061	12
2799226	2797877	12
2799226	2798057	12
2799275	2798044	12
2799275	2798140	12
2799275	2798270	12
2799275	2798446	12
2799275	2798696	12
2799275	2799226	12
2799367	343035	12
2799367	2798270	12
2799367	2798317	12
2799367	2798670	12
2799438	343093	12
2799438	2798317	12
2799438	2798395	12
2799486	2799275	12
2799497	343089	12
2799497	2798057	12
2799497	2798317	12
2799507	2798057	12
2799507	2798130	12
2799507	2798815	12
2799549	343091	12
2799549	343093	12
2799549	2799438	12
2799558	343061	12
2799558	2799065	12
2799558	2799438	12
2799558	2799549	12
2799795	2798130	12
2799795	2798569	12
2799795	2798815	12
2799906	2288883	12
2799906	343129	12
2799906	3667357	12
2799906	2798216	12
2799906	2798810	12
2799906	2799486	12
2799906	2799549	12
2799941	2798938	12
2799941	2277083	12
2799941	2288739	12
2799941	2396549	12
2799941	343091	12
2799941	343129	12
2799941	2797789	12
2799941	2798216	12
2799941	2798810	12
2799941	2799486	12
2800102	2798395	12
2800319	1385067	12
2800319	2396573	12
2800338	2798973	12
2800338	2797877	12
2800338	2798044	12
2800395	81777	12
2800395	2289435	12
2800395	1281481	12
2800395	60171	12
2800395	2478881	12
2800395	416506	12
2800395	3603962	12
2800395	3672321	12
2800395	2798216	12
2800395	2800102	12
2800422	2800395	12
2800460	343089	12
2800460	2798044	12
2800460	2798569	12
2800460	2799497	12
2800460	2799507	12
2800460	2800395	12
3851891	2754176	12
1341153	1340893	12
707034	563670	12
707039	81733	12
707039	1133999	12
707039	1134105	12
707039	2207415	12
707039	2280538	12
707039	2289435	12
707039	2338237	12
707039	707742	12
707039	1831504	12
707039	2622074	12
707039	2714145	12
707039	2731296	12
707039	686589	12
707039	2786698	12
2805344	412001	12
2805381	412002	12
1757007	1756886	12
1757110	2674798	12
1757429	130879	12
1757429	2584929	12
709139	709008	12
709146	2208709	12
709146	2396581	12
709146	434510	12
709146	449622	12
709146	2550852	12
709146	3626367	12
709146	2656089	12
709146	2798569	12
709146	2800319	12
709146	708931	12
709226	1111675	12
709226	416373	12
709226	434510	12
709758	3604079	12
709954	709894	12
709993	709146	12
233176	2983355	12
233176	233264	12
233176	3731283	12
233176	3731344	12
2679698	3705699	12
1525102	2209925	12
1525102	1525210	12
1525102	1525242	12
1525102	1524442	12
2216059	2216068	12
2216059	2216159	12
2216059	2216213	12
818165	1643148	12
3550339	3550108	12
3550339	3550129	12
3550339	3550668	12
715066	329480	12
715066	425227	12
715066	3602814	12
715066	2639612	12
715066	2715120	12
2812378	1234216	12
1764351	3319099	12
1764351	2288514	12
1764351	2288739	12
1764351	2320358	12
1764351	232026	12
1764351	405888	12
1764351	440728	12
1764351	465269	12
1764351	1532611	12
1764351	685948	12
1764503	1764351	12
1764539	2236465	12
1764584	2288816	12
1764614	2236398	12
1764614	2236465	12
1764614	1764420	12
1764614	1764488	12
1764726	2236398	12
1764726	1764420	12
1764726	1764488	12
1764777	2236554	12
1764777	1764420	12
1764795	2320358	12
1764795	1764488	12
1764883	99100	12
1764883	2236405	12
1764883	2251781	12
1764883	1234008	12
1764883	3342875	12
1764883	2320071	12
1764883	2328234	12
1764883	1334453	12
1764883	1341078	12
1764883	1348893	12
1764883	3512232	12
1764883	406534	12
1764883	2586380	12
1764883	2665089	12
1764883	686589	12
1764883	1341153	12
1764883	707039	12
1764883	1341212	12
1764883	1764539	12
1764883	1764858	12
1764942	2289435	12
1764942	3477476	12
1764942	2587867	12
1764942	1906062	12
1765016	1764883	12
2816283	530108	12
2816283	2786698	12
719250	719179	12
719256	719200	12
719462	719327	12
719473	719367	12
719473	719361	12
2816982	1587161	12
2816982	685948	12
2816982	686792	12
3440473	416506	12
2817907	2817861	12
3440849	3440473	12
722950	147219	12
722950	352299	12
722950	1991735	12
722950	3705699	12
722950	2756546	12
722971	147219	12
3869708	2301875	12
3869708	2301529	12
3869708	2302135	12
3869708	2302144	12
3869708	3759728	12
3869718	2302185	12
3869724	2302185	12
724258	2260620	12
724258	2560311	12
2821416	1166207	12
2821416	2821329	12
724267	2974249	12
724267	3512326	12
724267	2586510	12
724267	685948	12
724267	685998	12
724267	686792	12
2821641	2821614	12
2823847	1764883	12
727798	2133874	12
727798	3481337	12
2825356	2509593	12
2825545	663575	12
2825564	2157797	12
2825564	2288739	12
2825564	2302592	12
2825564	1471594	12
2825564	2683056	12
728442	94083	12
2825621	2825356	12
2825621	2825456	12
2825621	2825582	12
2825661	2825564	12
3875962	2542981	12
3875980	2236523	12
3875993	2543200	12
730716	430086	12
730716	2714145	12
730897	2228905	12
730897	2629210	12
730897	722950	12
3550920	3551006	12
3550920	3550339	12
2830617	707036	12
2830774	2830617	12
1345619	2216903	12
1345619	1210630	12
1345619	1237099	12
1345619	3406425	12
1345619	1364592	12
1345619	1385067	12
1345619	1432932	12
1345619	426026	12
1345619	2586380	12
1345619	1587161	12
1345619	686723	12
1345619	707035	12
1520621	722871	12
3551035	3550704	12
2833578	2207003	12
2833578	1210630	12
2833578	2289052	12
2833578	2552178	12
2833578	685998	12
2833578	2825522	12
2833578	2825564	12
2833842	2216159	12
2833842	2279390	12
2833842	2289368	12
2833842	1385067	12
2833842	3620142	12
2833842	1831504	12
2833842	2740211	12
2833842	2756626	12
2833842	2756716	12
2833842	2825564	12
2833842	2833768	12
2834190	2974249	12
2834190	2228905	12
2834190	2288739	12
2834190	2289435	12
2834190	685998	12
2834190	2833768	12
2834190	2834148	12
2834239	1132839	12
2834239	2207106	12
2834239	2277215	12
2834239	2834413	12
2834239	2328234	12
2834239	3705447	12
2834373	2834413	12
2834744	2833721	12
2834873	2833578	12
2834873	2834148	12
2834873	2834711	12
2835744	2675831	12
3884982	3884978	12
3884988	3884978	12
3884989	220124	12
3884990	3884986	12
1790150	60430	12
1790172	1474463	12
1790233	1790150	12
1790233	1790218	12
1790293	1385126	12
1790293	1790172	12
1790347	1790172	12
1790347	1790230	12
1790347	1790293	12
298528	663575	12
2843473	2843462	12
2843499	2843473	12
2396542	3358609	12
2396542	416373	12
2396542	3626675	12
2396542	1558563	12
2396563	1081414	12
2396563	3221327	12
2396563	1197530	12
2396563	2288989	12
2396563	348368	12
2396563	60171	12
2396563	3550704	12
2396563	1475122	12
2396563	450297	12
2396563	1831504	12
2396563	2674798	12
2396563	1646931	12
2396563	685948	12
2396563	710110	12
2845185	2798973	12
2845185	2208580	12
2845185	2208709	12
2845185	1421004	12
2845185	1471610	12
2845185	2786698	12
2845185	2798569	12
2845185	2396542	12
2845185	2845082	12
2845185	2845103	12
2845353	3604079	12
2845415	2845185	12
2845484	1112050	12
2845484	2328234	12
2845484	2396581	12
2845484	338390	12
2845484	473066	12
2845484	448913	12
2845484	2798130	12
2845484	2798815	12
2845484	2799906	12
2845484	2825564	12
2845484	2396542	12
2845484	2845082	12
2845524	2396549	12
2845550	2396573	12
2845550	709146	12
2845687	2845353	12
2845703	2207128	12
2845703	2207452	12
2845703	2208862	12
2845703	343089	12
2845703	343094	12
2845703	1421004	12
2845703	416506	12
2845703	1558844	12
2845703	2731044	12
2845703	2798130	12
2845703	2798569	12
2845703	2833578	12
2845753	1111275	12
2845753	2277502	12
2845753	343089	12
2845753	449622	12
2845781	3358609	12
2845781	1558844	12
2845781	2396573	12
2845781	2396542	12
2845881	2845703	12
2845914	2845524	12
2845983	2208709	12
2845983	2396563	12
2845983	2845524	12
2845983	2845881	12
2846088	2206741	12
2846088	2396573	12
2846163	2845914	12
1348407	2215755	12
1348407	3343493	12
1348407	3343759	12
1348407	2328234	12
1348407	1348834	12
1348407	440201	12
1348407	3705699	12
1348407	686140	12
1348407	2396563	12
1800539	3358609	12
1800539	1800899	12
1800539	2500220	12
1800624	1800899	12
1800820	1801360	12
1800820	3550704	12
1800820	3711392	12
1800820	1800786	12
1800995	1800539	12
1801078	2575920	12
474955	4421917	12
474955	2396549	12
1801313	1800786	12
1801313	1800856	12
1801313	1801204	12
1801323	1800624	12
2849934	2110888	12
2849934	3159836	12
2849934	3161015	12
2849934	18944	12
2849934	60430	12
2849934	1112050	12
2849934	82242	12
2849934	2207106	12
2849934	2328067	12
2849934	1281976	12
2849934	1364592	12
2849934	1384639	12
2849934	1385126	12
2849934	356279	12
2849934	1471610	12
2849934	449796	12
2849934	2550852	12
2849934	463289	12
2849934	3620376	12
2849934	1558844	12
2849934	517368	12
2849934	2677685	12
2849934	588774	12
2849934	2793965	12
2849934	2798057	12
2849934	2798569	12
2849940	2849934	12
825231	2598339	12
825231	2756716	12
825231	724267	12
825231	474955	12
1524349	1525032	12
1524349	3755400	12
1524412	1438089	12
1524412	1524479	12
1524412	1524840	12
1524412	1525346	12
1524431	1524733	12
1524431	1524788	12
1524431	1525438	12
1524431	1524442	12
1174972	1175106	12
1524521	1434729	12
1524665	1524258	12
1524665	1524733	12
1524665	1525176	12
2364704	2363667	12
1524932	410251	12
1524932	497392	12
1525036	1524932	12
1525215	1524697	12
1350486	3287245	12
1525332	1524733	12
1525332	1525176	12
2864421	3156449	12
2864421	2983355	12
2864421	440728	12
2864441	232957	12
2864441	1470316	12
2864441	3731344	12
2864441	686140	12
2864447	2864416	12
2864540	1237099	12
2864638	2594372	12
2864638	685948	12
2864638	685998	12
2225161	1599470	12
2225161	2731296	12
1818246	1210840	12
1818246	2288739	12
1818246	416397	12
1818278	1818505	12
1818334	2121684	12
1818334	3550064	12
1818334	3711392	12
1818334	2731296	12
1818334	1800539	12
1818334	1800820	12
1818334	1818298	12
1818378	1818246	12
1818441	1818505	12
1818460	81777	12
1818460	2277215	12
1818460	2293413	12
1818460	1384632	12
1818460	2478880	12
1818460	2478881	12
1818460	2479182	12
1818460	1494055	12
1818460	3711392	12
1818460	1735667	12
1818460	2845753	12
1818460	1818346	12
1818460	1818450	12
1818481	3550271	12
1818481	3550890	12
1818481	1818477	12
1818493	1818481	12
1818528	60430	12
1818528	3550704	12
1818528	1818278	12
1818685	1818505	12
3629403	440728	12
1818811	2121708	12
1818811	1111275	12
1818811	1132420	12
1818811	1133900	12
1818811	1134074	12
1818811	2207128	12
1818811	2228905	12
1818811	2396538	12
1818811	1364592	12
1818811	3551006	12
1818811	1384631	12
1818811	3550890	12
1818811	2580699	12
1818811	2581177	12
1818811	1831504	12
1818811	1558563	12
1818811	1600162	12
1818811	1600513	12
1818811	3737594	12
1818811	1345619	12
1818811	1818799	12
1818843	2158156	12
1818843	3358195	12
1818843	3362185	12
1818843	2328234	12
1818843	3550271	12
1818843	2730852	12
1818843	1735600	12
1818843	2396563	12
1818843	1818539	12
1818860	1818843	12
1818925	2730916	12
1818925	1818685	12
1818941	1818505	12
1818948	1818925	12
1819016	1818334	12
1819031	1818334	12
1819087	2207106	12
1819087	2288739	12
1819087	2478880	12
1819087	416373	12
1819087	1800539	12
1819087	1818450	12
1819087	1818837	12
1819152	1819087	12
1819152	1819094	12
1819165	1818505	12
1819182	2121684	12
1819182	1800539	12
1819182	1818346	12
1819182	1818441	12
1819182	1819016	12
1819197	1818837	12
1819197	1819016	12
1819211	1818334	12
1819211	1818393	12
1819217	1819094	12
1820710	1820683	12
1820737	1820654	12
1820914	1820650	12
2925440	3351418	12
2925440	2485354	12
2925440	3602814	12
2925475	3315656	12
2925475	329480	12
2925475	3559115	12
2925475	1618664	12
2925475	2715120	12
1824246	1234216	12
1824246	2195091	12
1824246	351075	12
1824246	1431742	12
1824246	428996	12
1824285	1824246	12
1824320	2133834	12
1824320	2236523	12
1824320	1208051	12
1824320	166202	12
1824320	1234144	12
1824320	2289368	12
1824320	1480404	12
1824320	462940	12
1824320	1553799	12
1824320	1678210	12
1824320	707039	12
1824320	719192	12
1824320	727771	12
1824395	1824210	12
1824395	1824367	12
1824395	1824285	12
1824407	3156505	12
1824407	1210840	12
1824407	2279390	12
1824407	2288883	12
1824407	2289627	12
1824407	1470156	12
1824407	2594372	12
1824407	727771	12
1824407	3875980	12
1825869	1470376	12
1825869	428996	12
1825869	3590575	12
3343038	3342875	12
3343038	3343493	12
2016237	2016879	12
2225781	2225630	12
2225781	1599470	12
1831446	2277083	12
1831446	2280538	12
1831446	2798395	12
1831569	1831504	12
1831569	1831358	12
1831622	1832475	12
1831622	1831446	12
1831779	1831358	12
1831779	1831711	12
1831839	1831711	12
1831839	1831811	12
1831881	1832222	12
1831881	1831391	12
1831881	1831548	12
1831881	1831665	12
1831881	1831839	12
1831958	1831358	12
1832014	1832222	12
1832014	1831358	12
1832014	1831811	12
1832075	1832004	12
1832151	1832475	12
1832169	1831414	12
1832194	1831412	12
1832194	1831665	12
2880816	3218361	12
2880816	3731239	12
1832250	1831412	12
1832250	1831881	12
1832250	1831914	12
1832250	1832014	12
2880904	1234216	12
2880904	3010860	12
1832341	1831811	12
1832341	1832014	12
1832411	1832222	12
1832411	1831414	12
1832546	2228905	12
1832546	2714145	12
1832546	1831412	12
1832546	1832014	12
968844	94083	12
968844	2552178	12
1832629	1831358	12
1832703	1832475	12
1832703	1831548	12
1832703	1831622	12
1832703	1831811	12
1832703	1831958	12
3098733	1764584	12
1832767	1831790	12
1832767	1831839	12
1832767	1832004	12
1832767	1832703	12
1832794	1832075	12
1832794	1832546	12
1832794	1832629	12
3626060	3626705	12
2053312	2265523	12
2053312	2328067	12
2053312	1364592	12
2053312	1470376	12
2053312	686244	12
2053312	2798395	12
2053312	1824246	12
1835083	1835048	12
2888848	130879	12
2888848	2888795	12
2889723	2889591	12
2889770	2889591	12
1843196	1843225	12
132441	60007	12
132441	60445	12
132441	60517	12
132441	3210469	12
132441	2478881	12
132441	1474463	12
132441	463289	12
132441	2396563	12
132441	1818460	12
2891849	2845484	12
2891875	1677073	12
2891958	3604079	12
2891958	2786698	12
2891958	709146	12
2891958	2845484	12
1843416	94083	12
1181147	1181167	12
1181210	1181194	12
1181210	1181253	12
2894854	2983301	12
2894854	1934873	12
2894854	2214123	12
2894854	2216068	12
2894854	1234305	12
2894854	233378	12
2894854	416506	12
2894854	3746668	12
2894854	3746688	12
2894854	1345619	12
2894854	2864441	12
2894854	1824246	12
2894896	1210840	12
2894896	2289435	12
2894896	4461351	12
2894896	1432932	12
2894938	2594372	12
2894938	3731239	12
2894938	3731283	12
2894938	685948	12
2894938	1824320	12
2894938	2894917	12
2894946	2894854	12
2895012	2894989	12
2895061	2289153	12
2895061	2894917	12
2895061	2894928	12
2895079	2894896	12
2895090	3156449	12
2895090	3221327	12
2895090	2173343	12
2895090	2207003	12
2895090	3261119	12
2895090	1210794	12
2895090	166202	12
2895090	2288883	12
2895090	2289387	12
2895090	2318589	12
2895090	232907	12
2895090	1364806	12
2895090	1281481	12
2895090	3731326	12
2895090	3526597	12
2895090	3526678	12
2895090	1432869	12
2895090	494993	12
2895090	3703974	12
2895090	2542981	12
2895090	3746668	12
2895090	2864447	12
2895090	1825869	12
2895090	2880816	12
2895157	2895012	12
2895164	2983301	12
2895164	2983355	12
2895164	2215603	12
2895164	1210465	12
2895164	1210630	12
2895164	2288989	12
2895164	232957	12
2895164	3731239	12
2895164	233176	12
2895164	2894946	12
2895164	2895079	12
2895217	2894896	12
2895217	2894917	12
2895236	2894989	12
2895247	2288989	12
2895247	2289435	12
2895247	232824	12
2895247	233026	12
2895247	686589	12
2895266	2120002	12
2895266	2277403	12
2895266	94083	12
2895266	2206741	12
2895266	2215755	12
2895266	2277215	12
2895266	233378	12
2895266	3010860	12
2895266	3526597	12
2895266	1432869	12
2895266	1433003	12
2895266	2586380	12
2895266	544010	12
2895266	1599922	12
2895266	563670	12
2895266	2894934	12
2895266	686070	12
2895266	1747797	12
2895266	707039	12
2895266	2894946	12
2895266	2894967	12
2895286	2895077	12
2895328	2895012	12
1846987	1846898	12
2896077	2786698	12
1847575	1234216	12
1847575	3731344	12
1847575	685998	12
1847575	2895266	12
1847575	1847184	12
1847914	1847769	12
133258	133231	12
2896842	1421004	12
2959612	2396540	12
2959612	2396566	12
2959612	2786698	12
2898208	3343493	12
2898208	1480390	12
2898208	3697203	12
2898208	2754176	12
2898208	1824407	12
2898324	2898169	12
2898368	2898169	12
2898746	1234216	12
2898746	2895012	12
2898746	2895090	12
2898801	1824320	12
2898897	3156449	12
2898897	3218361	12
2898897	2216068	12
2898897	2216903	12
2898897	2288883	12
2898897	2289435	12
2898897	229005	12
2898897	232824	12
2898897	2664945	12
2898897	2594574	12
2898897	3746688	12
2898897	2864441	12
2898918	2215603	12
2898918	2289435	12
2898918	233045	12
2898918	233410	12
2898918	3010860	12
2898918	3620142	12
2898918	3746688	12
2898918	686140	12
2898918	686792	12
2898918	2895247	12
2898918	2898801	12
2898952	233091	12
2898952	2895247	12
2898952	2895266	12
2898965	2895266	12
2898965	2898918	12
2898965	2898952	12
2898972	2237951	12
2898972	1234273	12
2898972	232957	12
2898972	3746668	12
2898972	2864517	12
2898972	1824407	12
2898972	2898811	12
2898972	2898965	12
2898980	2898972	12
2899003	2898952	12
2899003	2898972	12
2899044	2895266	12
2899643	2709669	12
2900658	1824246	12
2580752	2580699	12
1855182	1855147	12
1855438	1855425	12
1855476	1855182	12
1855537	1854995	12
1855946	1855182	12
1856090	1855117	12
1856366	2612546	12
1856366	1855117	12
1856366	1855931	12
1856997	1856959	12
1857200	2752927	12
1707890	1707922	12
1707890	2895090	12
2910209	130879	12
2910209	473066	12
2910209	2639612	12
2910209	448913	12
2910209	2715120	12
2911660	2911601	12
2918762	1471610	12
2918762	2786698	12
2919769	3357972	12
2919769	3358609	12
2919769	3667357	12
2919769	3737594	12
2919769	709146	12
2919769	2845753	12
1871460	1871435	12
823943	2228905	12
823943	3358609	12
823943	1471610	12
823943	2845484	12
824140	3705699	12
824358	663575	12
824358	2833842	12
824358	2845703	12
824394	825231	12
825496	824140	12
826045	2214123	12
826045	2396579	12
826045	3667357	12
826045	2833578	12
826124	2845185	12
826821	2396579	12
826821	3512232	12
826821	3603962	12
826821	3604079	12
826821	709146	12
826821	2396542	12
826821	2845484	12
1885450	2895164	12
2924283	2924023	12
2410104	1132839	12
2410104	352299	12
829931	329480	12
829931	2715120	12
1187032	1132839	12
831076	2163650	12
1881602	1764883	12
1881602	1882226	12
1881685	1348407	12
1881898	3319099	12
1881898	2320358	12
1881898	1532568	12
1881898	685998	12
2931346	2931093	12
2931368	1599470	12
2931368	2730852	12
2931444	2931207	12
2931444	2931346	12
2236308	2206741	12
2236308	2236272	12
2236308	2236356	12
2236308	3343960	12
2236308	1341078	12
2236308	405887	12
2236308	405888	12
2236308	2591413	12
2236308	1882262	12
2236511	2236333	12
2236511	2236414	12
1885411	1885450	12
1885477	2983301	12
1885477	1210630	12
1885477	346390	12
1885477	3705699	12
1885477	1885411	12
1885715	1885710	12
2935795	2935715	12
1887426	1887349	12
1887713	1887439	12
1887750	1887713	12
1887765	1887426	12
1887765	1887439	12
1891157	1341153	12
1891157	1764883	12
1891157	1891143	12
1891165	1764883	12
1891314	1764883	12
1891314	1764942	12
2942222	416506	12
2942222	1831504	12
2942339	2942222	12
2943386	2237951	12
2943386	2943377	12
846454	846322	12
846454	846365	12
2944740	2944721	12
316119	1132839	12
848569	2598339	12
2946129	2215603	12
2946129	1166207	12
1539693	2195091	12
1539693	1470376	12
1539693	1539844	12
1539693	1824246	12
1365035	1364806	12
1365121	1364740	12
1365121	1600162	12
1365121	2730916	12
1365121	2731044	12
2588512	2765459	12
2949056	2279390	12
852522	3799990	12
852660	2289435	12
852660	3799991	12
852660	2895164	12
852743	3799990	12
852750	3799991	12
852750	685998	12
852750	1885450	12
852818	852522	12
852858	3799990	12
852858	852573	12
1905785	3477476	12
1905966	2236308	12
1906028	3477476	12
1906124	1764883	12
858501	858472	12
2957536	2396549	12
2957536	2396563	12
1530061	2639612	12
1530061	1618664	12
1530061	715066	12
1530061	2925440	12
1530061	2925475	12
2958782	2396541	12
2959924	2786698	12
1913697	2277215	12
1913697	2301617	12
1913697	3357972	12
1913697	1402873	12
1913697	416162	12
1913697	1681655	12
1914177	1914018	12
866397	2280538	12
866397	343094	12
866397	416506	12
866397	2798395	12
866397	2825522	12
866397	2834373	12
866553	866503	12
866850	2158365	12
866850	2215999	12
866850	1210840	12
866850	2277083	12
866850	232026	12
866850	1348408	12
866850	2434376	12
866850	3620142	12
866850	2586512	12
866850	1734492	12
866850	686244	12
866850	1384775	12
866850	2845703	12
866850	2845983	12
866850	826045	12
867148	866607	12
867148	866987	12
867231	866503	12
867369	866987	12
867416	866553	12
867525	825231	12
867525	867416	12
867696	866397	12
867800	1991735	12
867800	2834239	12
867800	866487	12
867800	866607	12
867800	867148	12
867800	867696	12
868181	2834239	12
868181	867148	12
868216	1991735	12
868216	3705699	12
868216	685948	12
868216	724258	12
868216	2833842	12
868216	866460	12
868360	866553	12
868552	2833842	12
868552	867231	12
868597	4495924	12
868597	868360	12
868625	867416	12
868660	866553	12
868826	866850	12
868826	868216	12
868909	867369	12
868909	867416	12
2542909	2543081	12
2542909	2543181	12
2542909	2543200	12
870409	1676876	12
870409	2396563	12
1920461	2272555	12
1920461	1430273	12
1920461	3652769	12
1920461	3655535	12
2969126	229005	12
2969126	2536529	12
2969126	583409	12
2969126	1764883	12
2969126	2898897	12
2969151	2969077	12
3799989	3799988	12
3799989	852743	12
3799989	852801	12
2543075	2542754	12
2543075	2543330	12
875672	875474	12
2942161	2942072	12
1925263	1764883	12
2974199	2974249	12
2974308	2974249	12
2974385	2213776	12
2974385	2215603	12
2974385	2228905	12
2974385	2586380	12
2974385	3672321	12
2974385	826045	12
2974543	2450099	12
2974809	2450099	12
2974809	3705354	12
2974809	3705832	12
2974809	2974416	12
2975042	2450099	12
2975042	2974871	12
1928443	3666403	12
1929020	2581177	12
1929020	1929018	12
3451120	3450817	12
1931024	1931019	12
496847	496846	12
496847	497233	12
2981573	3705699	12
2981620	2981573	12
2983221	233091	12
2983231	440201	12
2983231	1350486	12
2983231	2894854	12
2983231	2983153	12
3642941	1111275	12
3642941	588774	12
2983282	2173343	12
2983282	3287322	12
2983282	233045	12
2983282	3542244	12
2983282	1470316	12
2983282	3620142	12
2983282	3731344	12
2983282	685998	12
2983282	233176	12
2983282	1824407	12
2983282	2983193	12
2983320	2983301	12
2983339	2983301	12
2983339	2983355	12
2983339	2983243	12
1934889	1234216	12
1934889	2895266	12
1934919	1934873	12
1934943	1936005	12
1934943	1934919	12
1934981	1934925	12
1934988	1934889	12
1935038	1934943	12
1935152	2289368	12
1935152	2895090	12
497297	497456	12
1935225	1936005	12
1935225	2207003	12
1935225	2216068	12
1935225	2277215	12
1935225	1234008	12
1935225	2289141	12
1935225	2289763	12
1935225	2327503	12
1935225	279695	12
1935225	440201	12
1935225	686723	12
1935225	1934939	12
1935225	1934988	12
1935225	1935221	12
1935290	1935662	12
1935290	1934889	12
1935290	1934988	12
1935372	1934949	12
1935432	1935662	12
1935432	1936005	12
1935432	2288739	12
1935432	2289153	12
1935432	1934889	12
1935432	1934919	12
1935491	1210465	12
1935491	2895266	12
1935491	1934988	12
1935589	1934873	12
1935589	1934889	12
2984208	2279390	12
2984208	3731283	12
2984208	1824320	12
2984208	2949056	12
1935640	1934939	12
1935670	2277403	12
1935670	2157910	12
1935670	1936005	12
1935670	2289763	12
1935670	229005	12
1935670	232907	12
1935670	232957	12
1935670	4461351	12
1935670	1364806	12
1935670	3746622	12
1935670	343089	12
1935670	3526597	12
1935670	1433003	12
1935670	2509517	12
1935670	1480390	12
1935670	1600162	12
1935670	2798130	12
1935670	1348407	12
1935670	1885450	12
1935670	1885477	12
1935670	1934988	12
1935699	1935624	12
1935714	14709	12
1935714	2127308	12
1935714	2206741	12
1935714	1234273	12
1935714	2327586	12
1935714	343089	12
1935714	3731239	12
1935714	2798569	12
1935714	2817907	12
1935714	1345619	12
1935760	1935290	12
1935787	1934873	12
1935787	1935372	12
1935787	1935491	12
1935792	1935662	12
1935792	2216106	12
1935792	1234008	12
1935792	2288514	12
1935792	232907	12
1935792	2664945	12
1935792	1470376	12
1935792	1935624	12
1935792	3620142	12
1935792	2833578	12
1935792	2833842	12
1935792	2895061	12
1935792	868216	12
1935792	1935038	12
2594553	1433051	12
2594553	3731344	12
2594553	686140	12
1935974	1934873	12
1935974	1936002	12
1935974	1935491	12
1935981	1934873	12
1935981	1934889	12
1935981	1934981	12
1935981	1935699	12
1936015	1936002	12
887626	887537	12
1216742	1216781	12
497706	497578	12
497706	497731	12
497706	496847	12
497803	497618	12
497803	496846	12
497803	497192	12
497803	497233	12
497803	497992	12
891594	2561873	12
891594	686792	12
891594	707039	12
891624	685948	12
2988812	3156449	12
2988812	2133874	12
2988812	2333230	12
2988812	1824407	12
2988812	2895090	12
2595336	2731081	12
2595336	2731131	12
2990100	94083	12
1197402	1197530	12
1942088	2891088	12
1942126	1942088	12
1942814	2215603	12
1942814	1210840	12
1942814	1364806	12
1942814	519935	12
1942814	2731044	12
1942814	1158377	12
1942814	2895090	12
1942814	1942752	12
1942857	1942786	12
1942904	1942786	12
2991484	1824246	12
2991526	1234216	12
2991526	2898897	12
1942971	1942752	12
2991548	3746622	12
2991548	1433051	12
2991548	3584851	12
2991548	2895266	12
2991548	1539693	12
1942996	1942981	12
1943012	1942857	12
1373218	2587867	12
1373218	1906062	12
2020200	2158413	12
2020200	2216159	12
2020200	133097	12
2020200	3287322	12
2020200	1210495	12
2020200	3470275	12
2020200	341380	12
2020200	343094	12
2020200	2509517	12
2020200	416506	12
2020200	1470316	12
2020200	426026	12
2020200	2586401	12
2020200	3731239	12
2020200	685998	12
2020200	724267	12
2020200	2845703	12
2020200	1818843	12
2020200	1935491	12
2020200	1935714	12
900621	2173343	12
900621	1431742	12
900621	2754176	12
2997886	1942814	12
2999524	2999319	12
2999685	2999269	12
3000438	2158156	12
3000438	81777	12
3000438	2288989	12
3000438	2289763	12
3000438	233091	12
3000438	3542244	12
3000438	2561873	12
3000438	3672321	12
3000438	3731239	12
3000438	3731283	12
3000438	707035	12
3000438	2020200	12
3000505	1470316	12
3000505	1470376	12
3000505	1824320	12
3000508	3705699	12
3000655	2289368	12
3000655	685998	12
906355	60517	12
906355	473066	12
906355	1818246	12
906355	1818460	12
907141	60007	12
907141	3550890	12
907463	906355	12
908647	3159836	12
908647	94083	12
908647	2327503	12
908647	2663646	12
908647	2712158	12
908647	2396573	12
908647	2786698	12
908668	1111275	12
908668	1112050	12
908668	3603091	12
908668	2845703	12
908823	1112182	12
908823	826045	12
908859	2277403	12
908859	1132420	12
908859	1197530	12
908859	3329280	12
908859	1340108	12
908859	1385126	12
908859	2453470	12
908859	416397	12
908859	463370	12
908859	3620757	12
908859	3667357	12
908859	588774	12
908859	3737594	12
908859	908648	12
2423408	2423217	12
2423408	473066	12
2423408	2422879	12
3006129	3006079	12
3007297	3156449	12
3007297	3221475	12
3007297	166378	12
3007297	2327503	12
3007297	3542428	12
3007297	1348893	12
3007297	1385067	12
3007297	346390	12
3007297	2509593	12
3007297	2053312	12
3007297	2894896	12
3007297	2020200	12
3007480	3007297	12
3007502	1316188	12
3007502	2636504	12
3007502	1618664	12
3007502	2715120	12
910596	428996	12
910596	3731283	12
910596	2864447	12
910596	2894854	12
3008011	2208709	12
3008011	3329280	12
3008011	1471610	12
3008011	440728	12
3008011	709758	12
3008011	2845983	12
3008057	2289435	12
3008057	1676876	12
3008442	2396581	12
3008442	1677073	12
3008654	2277403	12
3008654	2228905	12
3008654	2277083	12
3008654	343093	12
3008654	3512326	12
3008654	1421004	12
3008654	2550778	12
3008654	517368	12
3008654	1676876	12
3008654	2798130	12
3008654	709226	12
3008654	2396542	12
3008654	2891958	12
3008654	3008415	12
850974	3227183	12
3008923	2786698	12
3008923	709146	12
3008923	2910209	12
3008923	2918762	12
3008923	3008442	12
1963113	4462997	12
1963113	2553843	12
1963113	616352	12
1963113	1813725	12
1963113	798774	12
1963113	3000438	12
3012300	3012516	12
3012300	3012545	12
1963758	1748301	12
1963758	1963743	12
3012372	2195091	12
3012372	2898897	12
3012448	3012545	12
3012448	3012372	12
3012745	709146	12
3012745	2396563	12
3012745	3008654	12
3013630	3013367	12
917972	3550704	12
917972	1735667	12
918106	2730916	12
3015337	1471610	12
3015382	2550852	12
3015382	2396563	12
1966809	1229585	12
1966809	1729540	12
1966946	1966684	12
3016308	98069	12
3016308	3319021	12
3016712	2236465	12
3016712	3016308	12
3017545	3358609	12
1969782	416506	12
1969843	3147568	12
1969843	2478880	12
3020548	1144979	12
3020582	3020539	12
3020593	3020539	12
3024630	2289153	12
2610154	2610281	12
1977433	3603091	12
1977433	517368	12
1977433	709758	12
1977442	1977433	12
1977639	1977433	12
2251997	2251802	12
1978110	1977433	12
3026846	486540	12
3026893	3026846	12
3026900	1133999	12
3026900	3476495	12
3026900	1599725	12
3026900	2731044	12
3026925	3026893	12
3026970	3026846	12
3026970	3026956	12
519795	519997	12
1979924	2715120	12
1980643	1980483	12
1980758	1980483	12
3522706	1764883	12
1553973	1553941	12
1553973	1824320	12
2952358	2952281	12
681001	3779372	12
1991698	2833649	12
1991799	3705895	12
1992235	2598339	12
1992235	2756716	12
1992563	2338737	12
1992563	1963113	12
944311	2849934	12
507569	507593	12
1998436	1571858	12
1998480	1998436	12
1998541	1998480	12
950437	950991	12
1999544	1999535	12
1999556	1999544	12
1999561	1999544	12
1999712	1133999	12
1999712	2328234	12
1999712	1999629	12
1999712	416506	12
1999712	1596430	12
1999712	2730916	12
1999712	2816982	12
1999712	2053312	12
1999712	3026900	12
1999769	1999696	12
1999795	18944	12
1999809	1999629	12
1999809	1600513	12
1999826	1999696	12
1999826	1999769	12
956843	2580948	12
1428517	1235381	12
1428517	1238872	12
1428517	2270835	12
3009152	2277215	12
3009152	1559353	12
3009152	2663646	12
3009152	2396563	12
2009098	1133999	12
2009098	3251536	12
2009142	2009555	12
2009142	2009098	12
2009284	2009215	12
2009311	2009555	12
2009311	2009098	12
2009311	2009244	12
3058037	319005	12
2009497	3251692	12
2009497	2009617	12
2009497	2730916	12
2009497	2731296	12
2009497	1818460	12
2009497	1818811	12
2009575	2748615	12
2009634	1133900	12
2009634	2009617	12
2009634	2009608	12
2009758	2009680	12
2009764	2009311	12
2009773	2009745	12
2009814	2009497	12
2009857	1133961	12
2009857	1134237	12
2009857	2009773	12
2009870	2009159	12
2009870	2009764	12
2580932	2581028	12
964439	166468	12
964439	964476	12
964439	1595341	12
964439	964427	12
1558882	1197530	12
1558882	3358240	12
1558882	2396538	12
1558882	343089	12
1558882	343094	12
1558882	3737544	12
1558882	1677073	12
1558882	2786698	12
1558882	2800395	12
1558882	824358	12
1559160	3147559	12
1559160	2277403	12
1559160	2278040	12
1559160	1111275	12
1559160	1934873	12
1559160	1210630	12
1559160	3329280	12
1559160	2296151	12
1559160	2509593	12
1559160	440728	12
1559160	2550778	12
1559160	1831504	12
1559160	1558653	12
1559160	1558744	12
1559160	1558977	12
1559160	1559022	12
1559160	3672321	12
1559160	635454	12
1559160	2798044	12
1559160	709226	12
1559160	710110	12
1559160	724267	12
1559160	2833842	12
1559160	132441	12
1559160	2891849	12
1559160	823943	12
1559160	824358	12
1559160	866397	12
1559160	3000438	12
1559160	3009152	12
2015207	2161454	12
2015207	392372	12
2015207	2015108	12
2015337	392372	12
2015513	1856366	12
1559323	2206741	12
1559323	1559215	12
3064684	2715120	12
3064684	1530061	12
2016284	2157797	12
2016284	1234216	12
2016284	133219	12
2016284	2236501	12
2016284	3361981	12
2016284	2622074	12
2016284	2016879	12
2016284	1735667	12
2016613	1764883	12
2016613	2016109	12
2016613	2016195	12
2016613	2016332	12
2016725	2016376	12
2016725	2016119	12
2016869	2016109	12
2016899	2016376	12
2016899	2016109	12
2016899	2016758	12
2016899	2016841	12
2016956	3672321	12
2016956	2016394	12
2017024	2016346	12
2017131	2016899	12
2017177	1735667	12
2017177	2016104	12
2017177	2016109	12
2017177	2016346	12
2017177	2016689	12
2017177	2016841	12
2017177	2016956	12
2017306	2016879	12
969027	2756716	12
969027	2833842	12
969027	866397	12
969116	2182462	12
969116	969027	12
1384967	81663	12
1384967	3358659	12
1384967	3550890	12
1384967	2594372	12
1384967	509046	12
1384967	509095	12
1384967	3703974	12
1384967	1676876	12
1384967	685948	12
1384967	2396563	12
1384967	1818481	12
1384967	866850	12
1384967	908647	12
1384967	3008011	12
3067309	3066990	12
2019507	2158365	12
2019507	2288739	12
2019507	2586510	12
2019507	2894854	12
2019550	2157910	12
2019550	2158156	12
2019550	133097	12
2019550	2289153	12
2019550	2586379	12
2019550	724267	12
2019603	2020200	12
2019702	2158156	12
2019741	60430	12
2019741	2215999	12
2019741	133225	12
2019741	133319	12
2019741	1210495	12
2019741	2293380	12
2019741	279695	12
2019741	3746622	12
2019741	1378568	12
2019741	1569516	12
2019741	2622078	12
2019741	1601090	12
2019741	3731283	12
2019741	2731044	12
2019741	686792	12
2019741	2800395	12
2019741	1348407	12
2019741	1935670	12
2019741	1935714	12
2019741	1935792	12
2019741	1999712	12
2019857	2019603	12
1909531	1909941	12
2020026	2019976	12
2020112	2157910	12
2020112	3221705	12
2020112	2279390	12
2020112	2289153	12
2020112	2327653	12
2020112	3470275	12
2020112	440728	12
2020112	3620142	12
2020112	2586402	12
2020112	2895090	12
2020184	2020112	12
2020242	2019895	12
2020261	2019507	12
2020261	2019702	12
2020385	2020261	12
2020524	2020149	12
2020580	2157797	12
2020580	2158156	12
2020580	663575	12
2020641	2158156	12
2020641	2158413	12
2020641	2293513	12
2020641	2327964	12
2020641	2586380	12
2020641	2396563	12
2020641	2845703	12
2020641	1818246	12
2020641	1818460	12
2020641	1935670	12
2020641	2020466	12
2020776	2019976	12
2020836	3221327	12
2020836	3221475	12
2020836	1132420	12
2020836	2251584	12
2020836	2301850	12
2020836	2302592	12
2020836	279642	12
2020836	279695	12
2020836	279755	12
2020836	2478880	12
2020836	3603091	12
2020836	463289	12
2020836	463654	12
2020836	1599922	12
2020836	2730862	12
2020836	2765812	12
2020836	686244	12
2020836	2798130	12
2020836	2825564	12
2020836	2845353	12
2020836	2845983	12
2020836	2225161	12
2020836	1818481	12
2020836	1819217	12
2020836	1832546	12
2020836	2894938	12
2020836	2895164	12
2020836	908647	12
2020836	2020261	12
2020898	2020149	12
2020964	2019857	12
2020985	2020026	12
2021004	2157910	12
2021004	3672321	12
2021004	826045	12
2021004	866850	12
2021004	1935670	12
2021004	2020466	12
2021004	2020566	12
2021175	2019895	12
2021175	2020580	12
2434212	2434297	12
686728	166202	12
686728	166378	12
686728	2277089	12
686728	1234288	12
686728	2288514	12
686728	1364592	12
686728	1433078	12
686728	410351	12
686728	1831504	12
686728	686474	12
686728	1747797	12
686728	1345619	12
686728	2053882	12
686728	2894938	12
686728	2895061	12
686728	2895286	12
686728	2984208	12
686775	686728	12
2783937	2783960	12
686789	685998	12
686789	686140	12
2783996	2783899	12
2434492	2434469	12
2434492	2434297	12
3073047	3073019	12
3073131	3362209	12
3073147	3073075	12
3073151	3884989	12
3073151	3073131	12
3073176	2293513	12
3073176	3362185	12
3073176	219915	12
3073176	220124	12
3073176	3073172	12
3073176	1764883	12
3073176	3884986	12
3073176	3073147	12
3073196	2293513	12
3073196	3362209	12
3073196	220124	12
3073196	2730916	12
3073232	3884986	12
3073232	3073124	12
3073232	3073170	12
3073239	220080	12
3073239	220084	12
3073239	2731296	12
3073239	3884978	12
976247	1385067	12
687240	687311	12
2026816	1132839	12
2026816	3470275	12
2026816	707035	12
2026816	2849934	12
2026816	3007297	12
2026816	1384967	12
2026868	2026850	12
2026904	2026850	12
2026904	2026853	12
2260624	2260620	12
2260624	2552178	12
2260624	724267	12
3080640	2175195	12
3080640	147293	12
3080640	1212976	12
3080640	1810406	12
3080640	463370	12
3080640	509313	12
3080640	722950	12
3080640	908647	12
451796	453292	12
2034573	2034525	12
2034603	2034525	12
2034727	2034520	12
2034732	2034555	12
3660281	1855425	12
3660281	1856366	12
2786654	1111675	12
2786654	1471610	12
3089668	425227	12
3089687	2466363	12
3089687	2639612	12
3089687	2925440	12
2042069	2041988	12
2042091	2041945	12
3090854	2466363	12
3090854	2639612	12
3090854	2925440	12
3090854	3089687	12
3091134	270485	12
3091134	2895090	12
3091415	1433051	12
3091535	3091134	12
3091552	685948	12
3091552	3091415	12
3091555	1432932	12
3091555	1935714	12
3091555	3091275	12
3091555	3091535	12
3091705	3091259	12
3091708	3091555	12
3091708	3091705	12
340963	340954	12
340963	341059	12
340963	341380	12
166231	166104	12
3098546	1764351	12
3098546	1764584	12
3098546	1764614	12
3098546	2236308	12
3098834	2236501	12
3098834	1764726	12
3098834	1764777	12
3098856	3098733	12
2053199	2157910	12
2053199	2586380	12
2053199	3705699	12
2053199	2800395	12
2053199	2053867	12
2053199	1935714	12
2053199	2020836	12
2053216	2053199	12
2053533	343089	12
2053533	440584	12
2053533	685948	12
2053533	2020836	12
2053533	2053116	12
2053791	3000438	12
2053791	2053306	12
2053815	440584	12
2053923	2104678	12
2053923	18944	12
2053923	2277403	12
2053923	60007	12
2053923	2983301	12
2053923	2173343	12
2053923	81733	12
2053923	94083	12
2053923	2216068	12
2053923	2216092	12
2053923	1234305	12
2053923	232824	12
2053923	2338237	12
2053923	2396538	12
2053923	341380	12
2053923	1281481	12
2053923	426026	12
2053923	429299	12
2053923	1480390	12
2053923	449622	12
2053923	2553843	12
2053923	2561873	12
2053923	1569516	12
2053923	2635500	12
2053923	2665089	12
2053923	2683056	12
2053923	635454	12
2053923	2396573	12
2053923	2786698	12
2053923	2799906	12
2053923	2800319	12
2053923	2817907	12
2053923	2969126	12
2053923	2974809	12
2053923	891594	12
2053923	969027	12
2053923	3091535	12
2053923	2053216	12
343088	2207003	12
343088	2338737	12
343088	343086	12
343088	2798044	12
343088	2798140	12
343088	2799486	12
343088	2799700	12
343088	2800338	12
343088	2053312	12
343088	2020200	12
343088	2019741	12
343097	2289153	12
343097	2289435	12
343097	343086	12
343097	2798112	12
343097	2798140	12
343097	2798216	12
343097	2798446	12
343097	2799065	12
343097	2799486	12
343097	2799999	12
343116	2798973	12
343116	2798270	12
1042184	1238872	12
1042184	3258450	12
1042184	1778358	12
3001524	3620142	12
867495	867284	12
867495	868597	12
518049	2552178	12
2265683	2265523	12
2061535	2931093	12
2061537	1210840	12
2061537	1365163	12
2061537	440728	12
2061537	2931346	12
2061538	2061535	12
2061887	1678210	12
3112927	3112869	12
2065874	1234216	12
3117773	1384631	12
3117773	463654	12
3117773	1790150	12
3117773	3117863	12
3118851	3118825	12
3118918	3118782	12
3119017	1089515	12
3119017	2194761	12
3119017	3118979	12
519853	519847	12
519853	519795	12
519859	519821	12
519915	519784	12
519915	519975	12
1393861	722871	12
346065	346390	12
3125740	3476495	12
3125740	2833842	12
3125740	1348407	12
3125740	1999712	12
3125837	1831504	12
3125837	2849934	12
3125837	1384967	12
3126295	3125837	12
3126398	2338237	12
3126398	663575	12
3126398	686589	12
3126398	1384775	12
3126398	707035	12
3126398	2833842	12
3126398	2396563	12
3126398	2845484	12
3126398	343088	12
3126475	866397	12
3126660	1559353	12
3126660	663575	12
3126660	866397	12
3126660	2020836	12
3126660	3125828	12
346401	346243	12
3126985	81733	12
3126985	2208709	12
3126985	3358609	12
3126985	343094	12
3126985	2478881	12
3126985	416506	12
3126985	2833578	12
3126985	2834239	12
3126985	2895247	12
2079314	1524349	12
1030870	2740211	12
1030870	1909941	12
1030870	2974809	12
2082246	2082094	12
1034079	1610421	12
1034079	1610469	12
1034079	2786698	12
3667649	3667357	12
2083540	2083447	12
2083730	2083569	12
1035650	1035643	12
1035725	1035704	12
1035725	1035719	12
1035733	1035642	12
1035733	1035725	12
1035755	1035643	12
1035755	1035650	12
1035755	1035733	12
522211	522130	12
3133383	1132839	12
3133383	94083	12
3133383	1991735	12
3133383	2629210	12
3133383	2074819	12
1570898	686728	12
1039244	1039150	12
1039250	2279390	12
1039250	3542428	12
1039250	3705832	12
1039250	3731283	12
1039250	685948	12
1039250	2880816	12
1039250	2894854	12
1039250	1935714	12
1039250	2991548	12
1039331	1039304	12
3319155	3319099	12
3138074	2821416	12
3138074	2821641	12
1571651	1571858	12
3141937	1764351	12
1044960	1044939	12
349322	2270835	12
349322	1235945	12
349322	1239940	12
349322	3650159	12
349322	3656240	12
