1056220	1056091	13
1056797	1056760	13
3156553	3156541	13
3156592	3156553	13
2110720	2110673	13
2110888	2110621	13
3160000	3159674	13
14996	14820	13
15029	14820	13
18960	18944	13
2121555	2121358	13
2121684	2121373	13
2121708	2121367	13
1074070	1074042	13
1074887	1073946	13
1074887	1074070	13
2123672	2123550	13
1077215	1076984	13
2127241	2127091	13
2127308	2127281	13
2127420	2127162	13
2127487	2127420	13
2500208	2121708	13
1085084	1084680	13
1085732	1085544	13
1085936	1084680	13
1089556	1089478	13
2148343	1073946	13
52842	52712	13
52925	52828	13
52996	52678	13
60007	18944	13
60007	2121708	13
60112	60007	13
60414	60007	13
60414	60251	13
60430	2110673	13
60491	60430	13
60497	60224	13
60517	60224	13
60517	60414	13
60517	60491	13
2158052	2157846	13
2158213	2157797	13
2158393	2157910	13
2158545	2158365	13
2158545	2158413	13
2158633	2158104	13
2158673	2158156	13
2158943	2158365	13
1111673	1111275	13
1111675	1111601	13
1112050	1111260	13
2163467	2163378	13
2983301	2983211	13
3221586	3221327	13
2173343	2173235	13
3227183	1077093	13
3227183	2277349	13
81733	60007	13
81733	81663	13
81894	18944	13
81932	81748	13
82011	81748	13
1132839	52640	13
1132839	316114	13
3230575	1234216	13
1134016	1133931	13
1134016	1133999	13
1134088	1134074	13
1134105	81894	13
1134105	1134088	13
1134222	1133931	13
1134222	1134074	13
1134237	1134199	13
2183102	1132839	13
3231728	60007	13
3231728	1132420	13
3231953	3231669	13
2189639	2189433	13
2189929	2189639	13
2189929	2189886	13
2189931	2189912	13
94083	3159836	13
94083	2278040	13
94083	1132649	13
94083	2182462	13
1144952	1144801	13
1144962	1144881	13
2194979	2194761	13
2195091	3156449	13
2195091	2133854	13
2195091	2173343	13
98799	98069	13
99995	99132	13
3251692	1134046	13
3251692	1134105	13
3252054	1134105	13
3252054	3251977	13
3252109	3251692	13
1155439	1155426	13
1155454	1155412	13
109250	109004	13
2206640	2206451	13
2206690	2206640	13
2206741	1112050	13
2206862	2206610	13
2206862	2206813	13
2207003	1111675	13
2207003	2206813	13
2207030	2206610	13
2207128	2207085	13
2207280	2207106	13
2207295	2206640	13
2207295	2207280	13
2207371	2207003	13
2207371	2207106	13
2207871	2207003	13
2207980	2206741	13
2207980	2207128	13
2208580	2206640	13
2208580	2207085	13
2208614	2207030	13
2208614	2207128	13
2208709	2207545	13
2208709	2207711	13
2208709	2208239	13
2208709	2208614	13
2208778	2206741	13
2208862	2207295	13
2209058	2207106	13
2209927	2209925	13
3258689	3257212	13
2213925	2213807	13
2214099	2213925	13
2214123	3156449	13
2214123	2207003	13
2215755	2215536	13
2215755	2215651	13
2215958	2215536	13
2215958	2215755	13
2216068	2215461	13
2216068	2215591	13
2216068	2215958	13
2216084	2216068	13
2216092	1234216	13
2216106	2215461	13
2216159	2215420	13
2216192	2215536	13
1175146	1175068	13
1175146	1175122	13
2226129	2226022	13
2228905	1112050	13
2228905	1132420	13
133097	2157797	13
133144	133041	13
133180	133144	13
133225	2157797	13
133225	2158365	13
133225	133041	13
133231	133041	13
133231	133144	13
133231	133180	13
133265	2157797	13
133265	133225	13
133319	133231	13
2234813	2234568	13
2236342	2236264	13
2236369	2236272	13
2236398	2236333	13
2236404	2236277	13
2236404	2236336	13
2236425	2236398	13
2236431	2236277	13
2236495	2236277	13
2236495	2236362	13
2236501	2236425	13
2236532	2236336	13
2236532	2236404	13
2236554	2236264	13
2236563	2236362	13
1188504	1188487	13
3286482	3286475	13
2237951	1234216	13
3287255	3287228	13
3287303	3287245	13
3287416	3287245	13
3291267	3291204	13
2121416	2121367	13
2121416	2121373	13
147219	3286475	13
1197199	1197156	13
1197202	1197118	13
1197210	1197199	13
1197210	1197202	13
2246214	2246075	13
1202162	1202154	13
1202179	1202163	13
1202195	74289	13
1202204	1202167	13
2251802	2251781	13
1210465	1133900	13
1210630	2277403	13
1210630	2983355	13
1210630	1934873	13
1210630	2207003	13
1210759	1210471	13
1210759	1210495	13
1210794	1210612	13
1210840	14820	13
1210840	18944	13
1210931	1210562	13
1210931	1210612	13
1210961	1210794	13
162446	162434	13
1212800	1212729	13
166202	166104	13
166348	166132	13
166378	1210465	13
166424	166202	13
166424	166378	13
166519	166378	13
2263783	2263518	13
1216781	1089515	13
170714	170693	13
170770	170613	13
3319180	3319099	13
2277083	2228905	13
2277089	2277083	13
2277215	60430	13
2277215	82242	13
2277215	2207128	13
2277502	2277314	13
2277520	2277403	13
2277894	2277502	13
2279218	2279531	13
2279218	2158156	13
2279319	2279091	13
2279338	2279218	13
2279390	2158365	13
2279390	2983355	13
2279390	2279269	13
1231077	1229585	13
2280508	2277314	13
2280538	2206741	13
2280538	2277520	13
2280538	2278009	13
2280606	2278040	13
2280639	2277215	13
1234008	2983355	13
1234273	1234144	13
1234305	1234132	13
1235418	1238872	13
1237781	1237702	13
2288608	2288514	13
2288739	2983301	13
2288739	94083	13
2288739	98069	13
2288739	2216092	13
2288739	2216106	13
2288739	2216903	13
2288739	2228905	13
2288739	2236501	13
2288739	1210465	13
2288820	2289519	13
2288830	2289803	13
2288830	2288608	13
2288830	2288820	13
2288866	2288608	13
2288908	2288703	13
2288908	2288739	13
2288916	2289889	13
2289010	2288643	13
2289052	2288555	13
2289052	2288608	13
2289073	2288464	13
2289073	2288739	13
2289073	2288883	13
2289073	2288989	13
2289083	2288703	13
2289083	2288830	13
2289083	2289010	13
2289141	2288996	13
2289153	3221475	13
2289153	2236523	13
2289153	1210471	13
2289153	166378	13
2289153	2288916	13
2289168	2288464	13
2289168	2288503	13
2289168	2289083	13
2289168	2289141	13
2289188	2289168	13
2289200	2289083	13
2289222	2289010	13
2289222	2289073	13
2289256	2288555	13
2289297	2289519	13
2289297	2288866	13
2289323	2289188	13
2289355	2289200	13
2289368	1234216	13
2289368	2236501	13
2289368	1210630	13
2289416	2288643	13
2289416	2288608	13
2289416	2289323	13
2289435	2157797	13
2289435	98069	13
2289435	2236465	13
2289459	2288608	13
2289459	2289188	13
2289763	2288649	13
2289793	2289168	13
2289793	2289459	13
2289793	2289763	13
2289797	2288608	13
2289817	2288649	13
2289817	2289168	13
2289817	2289323	13
2289828	2288555	13
2289846	2289222	13
2289868	2288996	13
2289868	2289188	13
2289868	2289387	13
2289868	2289817	13
2289894	2289368	13
2289944	2289416	13
2289961	2289889	13
2289961	2288989	13
2289961	2289010	13
2289961	2289188	13
2289961	2289793	13
2290031	2288866	13
2290031	2289256	13
2290038	2289889	13
2290038	2288883	13
2290038	2289256	13
2290038	2289368	13
2290038	2289416	13
2290038	2289868	13
2290038	2289944	13
2290038	2289961	13
2293513	1210465	13
2293513	1210495	13
2293648	2293472	13
2293695	2293513	13
3342922	3343596	13
3343885	3343596	13
3343885	3343093	13
3343885	3343759	13
3343997	3342875	13
3343997	3343146	13
3344147	3343146	13
3344156	3342922	13
3344156	3343759	13
2130289	2130464	13
1251474	1251448	13
3349868	3349798	13
2301617	2301529	13
2301954	2301850	13
2302017	2301960	13
2302051	2301506	13
2302051	2301617	13
2302051	2302017	13
2302144	2301705	13
2302144	2301960	13
2302144	2302021	13
2302177	2301705	13
2302312	2301960	13
2303229	2302592	13
209043	209116	13
209210	209116	13
908920	2228905	13
3357972	60007	13
3357972	2208862	13
3357972	2277502	13
3357972	3357886	13
3358195	60163	13
3358195	60517	13
3358516	3357972	13
3358609	3147559	13
3358609	3159674	13
3358609	82164	13
3358609	3231772	13
3358609	2206690	13
3358609	2277089	13
3358609	2293513	13
3358703	3357972	13
3358703	3358609	13
3361282	3159836	13
3361282	60517	13
3361282	3231728	13
3361312	3361282	13
215907	215297	13
3362185	3361944	13
2315952	2315532	13
219980	219915	13
220061	219980	13
2319856	2236465	13
2320358	2320286	13
2833649	2974249	13
2833649	1132839	13
2833649	2289435	13
228852	3287322	13
228920	228816	13
228963	228852	13
228963	228904	13
229005	1234216	13
229005	3287322	13
229005	2289435	13
1277796	1277718	13
2327503	60007	13
2327503	2206741	13
2327503	1210630	13
2327586	1210840	13
2327653	1210471	13
2327653	2293513	13
2327743	1210630	13
2328067	1210465	13
2328117	2289153	13
2328170	2327586	13
2328234	2228905	13
2328234	2289435	13
232824	1234216	13
232907	232885	13
233026	232824	13
233045	232824	13
233091	2216068	13
233336	233316	13
233378	1234216	13
1281976	1281926	13
1282190	94083	13
2333171	2333061	13
3010860	232957	13
2338237	2288883	13
2338737	94083	13
2338737	109032	13
2338737	1197530	13
3361549	3361282	13
3361549	3361319	13
2664945	2288739	13
2364129	2363803	13
4461351	2289889	13
2364236	2363803	13
2364456	2363803	13
1316188	2485354	13
274656	274616	13
2371828	2371675	13
279642	2158156	13
3542428	2289153	13
288058	287870	13
1337309	1337267	13
1337339	1337267	13
1337339	1337304	13
1337339	1337306	13
1337351	1337306	13
1338211	1338111	13
1338255	1338134	13
1338255	1338234	13
2387067	2386982	13
290805	1134105	13
290887	290875	13
290898	290709	13
291029	290985	13
1341052	1340932	13
1341078	1340993	13
1344267	1344225	13
1345689	1345548	13
2396538	1112182	13
2396538	2251584	13
2396538	3358609	13
2396538	2338737	13
2396549	3161015	13
2396549	1197530	13
2396549	2289153	13
2396566	2206741	13
2396566	2396554	13
1348408	2289153	13
1348408	1334453	13
1349056	1348893	13
1364511	2327503	13
1364565	2293513	13
1364592	1234216	13
1364592	81777	13
1364592	166378	13
1364806	2327653	13
1365149	1364511	13
1365163	1365149	13
3463813	3463689	13
3746622	1234273	13
3463930	3463813	13
3464055	3463813	13
3464185	3463838	13
3470275	2293513	13
3470364	3470288	13
229035	2288739	13
229110	229033	13
329480	3315656	13
329480	1316188	13
3476495	14820	13
3476495	2327503	13
3476495	3476461	13
3477476	3319099	13
3550655	3550599	13
230632	230753	13
1384631	2293513	13
1384639	3159836	13
1384639	81733	13
1384949	1384864	13
1385008	81733	13
1385067	1132420	13
1385067	3231669	13
1385067	94083	13
1385067	2208709	13
1385067	1210465	13
1385067	2280538	13
1385067	2289153	13
1385067	3361424	13
1385067	1384864	13
1385067	1384949	13
1385067	1385036	13
1385126	2121708	13
1385126	2121416	13
1385126	3358195	13
1385126	1384942	13
4532479	4462997	13
338645	338609	13
338656	338629	13
341380	1210630	13
1390930	1390826	13
343061	2798973	13
343089	2214123	13
343089	2228905	13
343089	2327503	13
343089	2338737	13
343089	2396538	13
343091	2798649	13
343094	2207415	13
343135	2798973	13
343135	2207003	13
346390	2157797	13
346390	3221327	13
346390	2833649	13
1281481	2236465	13
233264	233410	13
351075	350975	13
1400913	1400857	13
353395	353075	13
356279	2167282	13
1108012	1108097	13
234832	2315532	13
234832	2396554	13
60171	60248	13
60171	2208709	13
60171	3358240	13
366531	1132839	13
2333028	2237951	13
1420896	1420829	13
1421004	1420977	13
1421021	1420977	13
1421062	2206741	13
1421062	3358609	13
1421132	1421021	13
375490	375122	13
375930	375122	13
3522735	3522692	13
3526672	1210840	13
3526678	279695	13
3526891	3526870	13
1430255	1238872	13
1430255	1235945	13
1430255	214358	13
1430273	215907	13
2478878	81894	13
2478878	3358609	13
2478880	1132420	13
2478880	1385008	13
2478881	18944	13
2478881	3231728	13
2478881	2277502	13
2478888	2478880	13
2478888	2478883	13
2479182	3159836	13
2479182	81894	13
2479182	2478863	13
1431848	1431813	13
1432869	1432966	13
1432908	1432869	13
1433003	1432966	13
1433032	1432932	13
1433051	891440	13
1433051	2289368	13
1433051	2318555	13
1433093	1432869	13
1433149	1432880	13
1433179	1432869	13
2327964	18944	13
2327964	2206741	13
3532624	3532560	13
3532657	3532624	13
1439423	1439277	13
1439512	1439460	13
394170	2315532	13
3542244	3156449	13
3542338	3542311	13
3542338	3542428	13
2493844	2493790	13
3542475	3542311	13
3549444	1245534	13
3550046	3358609	13
3550064	60007	13
3550129	3550046	13
3550156	3550599	13
3550196	3550971	13
3550196	3550129	13
3550196	3550156	13
3550221	3551006	13
3550250	3550129	13
3550271	60171	13
3550428	3550971	13
3550575	3551006	13
3550639	3550971	13
3550689	3550615	13
3550704	1132420	13
3550704	3231728	13
3550704	3550655	13
3550704	1384631	13
3550704	2478881	13
3550704	3550081	13
3550704	3550668	13
3550739	3550156	13
3550739	3550704	13
3550826	3550271	13
3550826	3550704	13
3550849	3550118	13
3550849	3550395	13
3550849	3550689	13
3550890	60445	13
3550890	3550334	13
3550950	2110673	13
3550950	60171	13
3551048	3550046	13
405639	406754	13
405888	405723	13
405890	405888	13
405891	405888	13
2503044	2502904	13
405893	405639	13
406046	405793	13
406108	405793	13
406108	405888	13
406133	406754	13
406133	405639	13
406133	405793	13
406364	406108	13
406534	406754	13
406534	405893	13
2505027	2505001	13
410351	376254	13
410478	410452	13
2509517	3512326	13
2509593	3512326	13
2509652	2509636	13
2509674	2509609	13
2509682	2509517	13
2509682	2509674	13
3559115	2466363	13
1463137	1132839	13
1463137	94083	13
1464609	94083	13
1991735	2509593	13
416282	416562	13
416373	2110888	13
416373	3550271	13
416373	416342	13
416397	60517	13
416397	1385126	13
416506	2110888	13
416506	2121708	13
416506	3231669	13
416506	2207128	13
416506	3261119	13
416506	2301333	13
416506	3551006	13
416506	1384641	13
416530	416205	13
416530	416397	13
416631	416562	13
1470156	2289153	13
1470246	1470177	13
1470270	1470142	13
1470270	1470246	13
1470276	1470156	13
1470316	2277403	13
1470316	1210465	13
1470316	2279390	13
1470316	2289435	13
1470316	3010860	13
1470316	1385067	13
1470316	60171	13
1470316	1470130	13
1470316	1470171	13
1470316	1470255	13
1470376	2318635	13
1470376	233091	13
1470376	1470171	13
1470376	1470232	13
1471610	81777	13
1471610	2396581	13
1471610	343089	13
1471610	2509593	13
3569708	3569514	13
3570275	234832	13
425227	2485354	13
425227	1298003	13
425227	1316188	13
425244	425227	13
3550294	3550599	13
3550294	3550156	13
3550294	3550196	13
3550294	3550639	13
426026	133352	13
426026	346390	13
1474858	3358195	13
1474973	2479182	13
1475122	3358609	13
426765	2327653	13
426953	426738	13
427161	427010	13
427183	427010	13
427242	427183	13
71398	71340	13
71398	71486	13
428996	2237951	13
428996	2288739	13
428996	315384	13
428996	229035	13
429062	2216159	13
429062	2279390	13
429189	428996	13
429289	428996	13
429299	429024	13
430253	1132839	13
431336	431328	13
431431	431298	13
1480390	2173343	13
432100	432094	13
3579813	3579394	13
3579813	3579731	13
434510	60007	13
434510	3231728	13
434510	2206741	13
434510	1212729	13
434510	1212800	13
434510	1245534	13
434510	60171	13
435267	3477476	13
2536529	99607	13
2536529	3319099	13
1134205	1134222	13
440584	440281	13
440728	14961	13
440728	2983355	13
440728	94083	13
440728	2215999	13
440728	166378	13
440728	1348893	13
440728	2594574	13
440728	3526678	13
440728	416506	13
440728	440281	13
440835	440201	13
440870	440858	13
1494055	1486319	13
1494139	1494055	13
449622	2396538	13
449622	1385067	13
449622	1421004	13
449622	448463	13
449796	2277215	13
450297	449569	13
1498956	1498942	13
2548956	3481337	13
2549041	2548956	13
451953	451897	13
453292	451897	13
453292	452060	13
453292	452104	13
453292	452257	13
2550778	2550706	13
2550849	2550845	13
2550852	343089	13
2552053	94083	13
2552178	147293	13
2552867	2552855	13
2553843	2338737	13
3602814	1316188	13
3602814	329480	13
3602814	2466363	13
1506023	1506011	13
3604079	2798973	13
3604079	2396549	13
3604079	416506	13
3604079	425227	13
3604079	3604057	13
1508479	2216903	13
1510032	1509984	13
461980	461865	13
462940	315384	13
463103	1385067	13
2560337	2560332	13
463289	1132420	13
463342	463103	13
463342	463221	13
463370	60445	13
463370	2277215	13
463370	1384639	13
463370	2479182	13
463370	463354	13
463588	463289	13
463654	463342	13
1999729	18944	13
2319938	2320358	13
3614307	1076925	13
3614307	1292736	13
1517254	1517159	13
2566570	2566457	13
473066	1056056	13
473066	3159836	13
473066	2251584	13
473066	908920	13
473066	1385126	13
3620142	2277403	13
3620376	2207003	13
3620757	2207003	13
1524228	1524650	13
1524697	1439423	13
1524697	1515659	13
1524788	1524258	13
1524788	1524733	13
1524992	1524346	13
1524992	1524733	13
1525065	1434729	13
1525096	1525032	13
1525176	1524258	13
1525176	1524840	13
1525176	1524992	13
1525346	1524650	13
1525438	1524788	13
1525529	3287255	13
2575661	2500212	13
2575661	2575656	13
2575920	2301617	13
2575920	3550064	13
2575920	416506	13
2575920	2575850	13
3626039	2207415	13
3626039	2327503	13
3626039	2396554	13
3626144	3626039	13
3626367	2206741	13
3626367	2207415	13
3626367	2208709	13
3626675	1111675	13
3626675	2206741	13
3626675	2207003	13
3626675	2207415	13
3626675	2396554	13
3626705	3626229	13
3626891	3626367	13
3626891	3626529	13
430086	1991735	13
430086	2552178	13
2580727	2580699	13
2581099	2580878	13
2581127	2580905	13
1532568	2236398	13
1532611	2236501	13
1532611	3477476	13
1532629	1532611	13
1532867	1532824	13
486582	486565	13
486631	486553	13
486659	486540	13
486659	486565	13
2586380	2157797	13
2586380	3287322	13
2586380	1210794	13
2586380	2279390	13
2586380	2833649	13
2586380	2327743	13
2586380	3526678	13
2586401	1210630	13
2586402	2293513	13
2586457	2586401	13
2586510	1210630	13
2586510	2289153	13
2586510	440728	13
2586510	2586457	13
2586512	2288739	13
1539870	1539756	13
1480428	1480446	13
494993	2289153	13
1545413	1545388	13
496846	375143	13
497003	1524697	13
2594372	14961	13
2594372	233091	13
2594372	1364592	13
2594372	3486726	13
2594372	1470376	13
497578	497648	13
497861	497456	13
497992	497731	13
500054	500042	13
1831504	2104678	13
1831504	2207003	13
1553831	1553799	13
1553941	1553799	13
1553941	1553831	13
1378568	1378563	13
3652769	1430255	13
509313	2228905	13
2182050	1132839	13
3655535	3652769	13
1558563	60007	13
1558563	60430	13
1558563	2207415	13
1558563	2396554	13
1558667	2208709	13
1558667	416506	13
1558744	1558563	13
1558769	416373	13
1558844	2279390	13
1558844	1558629	13
1558844	1558744	13
1559095	60007	13
1559095	1558769	13
1559124	1558563	13
2607794	2607749	13
1559353	2279390	13
1559353	3550890	13
1559353	1558744	13
1134067	1134105	13
3660515	3660160	13
519847	519821	13
519860	519784	13
519935	519906	13
519971	519847	13
519971	519860	13
519971	519935	13
519997	519847	13
1569516	2328234	13
3667357	1078212	13
3667357	2280538	13
3667357	2396554	13
3667357	60171	13
3667357	1421004	13
3667357	1471610	13
3667779	3667357	13
522660	399151	13
1571707	1571680	13
1571834	1571658	13
3669692	3669356	13
3669771	3669507	13
2622074	1155412	13
2622074	1155426	13
2622074	133041	13
2622074	1210495	13
2622074	2279218	13
2622074	2293542	13
2622074	341380	13
2622074	426026	13
2622074	2586401	13
2622074	2586512	13
2622077	2158365	13
2622078	133225	13
2622146	2622074	13
2622146	2622077	13
2622184	133352	13
2622184	279695	13
2622184	2622079	13
2622269	2622077	13
525504	2622074	13
3672178	3656645	13
3672321	449622	13
3672321	3667357	13
3672321	3672205	13
3672819	3672132	13
3672819	3672777	13
528811	528601	13
530108	1471610	13
530108	449622	13
1587050	1587014	13
1587161	1587014	13
1587161	1587050	13
2639612	1316188	13
440154	440797	13
544010	440728	13
544010	3672321	13
1596445	1596430	13
1596804	1596677	13
2646218	2646158	13
1599725	1596430	13
1599781	1599509	13
1599922	2215603	13
1599922	1364592	13
1599964	1599725	13
1599985	1599470	13
1600162	14820	13
1600162	3476495	13
1600162	1599867	13
1600294	1134105	13
1600392	1600162	13
1600482	1600162	13
1600513	1133931	13
1600513	2327503	13
1600513	1599894	13
1600513	1599964	13
1600513	1600462	13
1600674	1599867	13
1600844	1600012	13
1600895	1599509	13
1600895	1600749	13
1601090	14709	13
1601090	1133999	13
1601090	1600392	13
1601132	1599509	13
1601132	1600162	13
1601132	1600844	13
1601132	1600895	13
1601132	1601090	13
2714145	1132839	13
2714145	2228905	13
2714145	1385067	13
2714145	2598339	13
2189909	2189886	13
2654109	2386906	13
2654109	2653978	13
2654167	2654109	13
3703974	3231728	13
3703974	94083	13
2656089	1295399	13
3705447	3705354	13
3705699	2157910	13
3705699	2213776	13
3705699	2260620	13
3705699	2289052	13
3705699	2293513	13
3705699	1385067	13
3705699	343089	13
3705699	1421062	13
3705699	2509517	13
3705699	2556581	13
3705699	2556586	13
3705699	2556650	13
3705699	1558844	13
3705699	1559353	13
3705699	2610722	13
3705755	3705494	13
3705832	2974249	13
3705832	1276182	13
3705832	3705440	13
1610469	1167979	13
1610469	1292736	13
563670	2586380	13
564324	564277	13
3711088	2121708	13
3711088	3231728	13
3711088	209255	13
3711088	1474463	13
3711320	3550890	13
3711320	416506	13
3711373	3711088	13
3711392	3711252	13
3711559	3711088	13
2663646	2206741	13
2663646	1208896	13
2663646	2301333	13
2663646	3357972	13
2663646	2396554	13
2663646	3667357	13
1618664	2466363	13
1618664	2636504	13
2367977	2293513	13
2368035	2367977	13
2542940	2543200	13
2674798	2584927	13
2674798	2584929	13
2542981	2289435	13
3724205	1431848	13
3725704	3725695	13
3726000	3725704	13
2679710	2679695	13
2679960	2123672	13
2680060	2680194	13
2680101	133352	13
2680127	133097	13
2680161	2680060	13
1632721	412025	13
228970	228977	13
3731239	1210630	13
3731239	1234273	13
3731239	2594372	13
3731283	2983355	13
3731283	2288739	13
3731283	2289435	13
3731283	233045	13
3731309	2289153	13
3731344	1210630	13
3731344	2289368	13
3731344	2289435	13
3731344	1432908	13
3731369	3731239	13
2683056	1991735	13
588772	709894	13
588774	3161015	13
588774	416373	13
588774	3667357	13
3735051	3734932	13
1639852	1639823	13
3737594	2228905	13
3737594	2277215	13
3737594	2338737	13
3737594	2478881	13
3737594	2663646	13
3737699	329480	13
2289333	2288649	13
2289333	2288996	13
2289333	2289355	13
2289333	2289868	13
2289333	2289961	13
2289333	2290038	13
2692547	2692215	13
2692677	2692293	13
448913	448463	13
448913	450180	13
1646623	3512326	13
1646623	3667357	13
2695498	2265523	13
1646931	3512232	13
1646931	3603091	13
1646931	3604079	13
1646931	3672321	13
1646983	1646894	13
3746882	3746836	13
3746957	3746668	13
2700853	427242	13
3755400	1434776	13
3755400	3755397	13
3755432	2363803	13
3755432	3755222	13
3755453	3584851	13
3755626	3755397	13
3758107	1509996	13
1661301	1430273	13
1661373	3257212	13
3759728	2301506	13
3759728	2302017	13
451960	451953	13
2712192	2712158	13
2712320	3737594	13
2712320	2712192	13
2712320	2712311	13
615790	2251781	13
615793	3342922	13
615793	1991735	13
615793	440728	13
2715120	3351418	13
2715120	3602814	13
2715120	1618664	13
2715120	3737699	13
2715120	1656504	13
1906062	3319021	13
1906062	2587867	13
619789	619819	13
2026987	2026996	13
1676876	2157797	13
1676876	1245534	13
1676876	416506	13
1676876	3604079	13
1677073	142852	13
1677073	2396538	13
1677073	1421004	13
1677073	463370	13
1677073	3620376	13
1677073	3626367	13
1677073	1558563	13
1677073	3703974	13
1677073	1646931	13
279632	1210465	13
279632	279749	13
1681655	2575920	13
2730852	2731002	13
2730852	1378568	13
2730852	1599922	13
2730852	1600162	13
2730877	2730852	13
2730885	2580699	13
2730916	60007	13
2730916	2158365	13
2730916	1133931	13
2730916	1134105	13
2730916	1134237	13
2730916	2289153	13
2730916	2293380	13
2730916	3362185	13
2730916	3464185	13
2730916	3550890	13
2730916	416373	13
2730916	416397	13
2730916	431415	13
2730916	1596445	13
2730916	2700853	13
2730947	2730885	13
2730984	2731002	13
2730989	2730916	13
2730992	2730852	13
2731008	2730852	13
2731022	2730852	13
2731022	2730916	13
2731044	1134046	13
2731044	1134105	13
2731044	2731002	13
2731044	2730959	13
2731044	2730992	13
2731072	2730916	13
2731081	2730997	13
2731089	2730916	13
2731102	2730916	13
2731116	2730984	13
2731121	2730984	13
2731124	2731081	13
2731124	2731121	13
2731131	2730997	13
2731131	2731121	13
2731139	2730947	13
2731139	2731121	13
2731139	2731131	13
2731151	2730975	13
2731166	2730852	13
2731166	2731116	13
2731176	2730852	13
2731194	2731044	13
2731194	2731121	13
2731274	2731044	13
2731296	2121708	13
2731296	2123672	13
2731296	60007	13
2731296	2279390	13
2731296	2293542	13
2731296	2301850	13
2731296	2302185	13
2731296	2731002	13
2731296	1364592	13
2731296	1385126	13
2731296	2500212	13
2731296	2580699	13
2731296	1378545	13
2731296	2731022	13
2731296	2731274	13
2731330	2730852	13
2731330	2731296	13
635454	2553843	13
3251795	3251536	13
3251905	3251692	13
637440	399151	13
3252038	3251692	13
1689313	1689270	13
641596	496846	13
641618	641487	13
2740156	1991735	13
2740211	2214123	13
2740211	2833649	13
2740285	2740211	13
1855425	3660160	13
1855425	3660456	13
649868	1077390	13
649868	2277215	13
649868	3358609	13
649868	1471610	13
649868	2663646	13
649914	1077760	13
649914	3614493	13
649914	1610382	13
650011	515546	13
650011	1610421	13
4477614	2120002	13
4477614	2730916	13
2748615	3251536	13
964496	964472	13
2752900	2752428	13
2731143	2731044	13
2756546	1226896	13
2756546	2358843	13
2756546	2552053	13
2756546	2629210	13
2756626	2260620	13
2756626	430086	13
2756626	3705699	13
2756626	3731945	13
2756626	2756585	13
2756716	2183102	13
2207524	2206741	13
1710903	1710549	13
2207579	2207452	13
663575	2396554	13
663575	1385126	13
663575	1991735	13
663575	3626039	13
664869	3258450	13
2765030	2158365	13
2765030	2622078	13
2396541	2396579	13
2765459	2674798	13
2765568	2765545	13
2765664	2765545	13
2765812	2293513	13
406344	406754	13
2396573	2289153	13
2396573	3358195	13
2396573	343094	13
2396573	60171	13
2396573	416397	13
2396573	1471594	13
2396573	3626367	13
2396573	3672865	13
2396573	2674798	13
2396573	663575	13
2396578	2396549	13
2768079	2251584	13
1725821	3337478	13
287922	287929	13
680916	3779362	13
1729540	4482033	13
463475	463221	13
463475	463342	13
1337359	1337311	13
685948	1133999	13
685948	98069	13
685948	891440	13
685948	2216068	13
685948	2216106	13
685948	2228905	13
685948	2288989	13
685948	2289387	13
685948	2289763	13
685948	2327586	13
685948	2327620	13
685948	2328117	13
685948	2396538	13
685948	343089	13
685948	1432869	13
685948	1480390	13
685948	3584851	13
685948	3746688	13
685948	685788	13
685998	1133900	13
685998	2216106	13
685998	1234008	13
685998	3337363	13
685998	2289052	13
685998	2327586	13
685998	2327620	13
685998	233091	13
685998	279695	13
685998	1281481	13
685998	3526678	13
685998	1432869	13
685998	3731283	13
685998	2730916	13
685998	685928	13
686070	1234216	13
686070	2289368	13
686070	1432932	13
686070	1433051	13
686070	685928	13
686140	2216106	13
686140	2327503	13
686140	2327653	13
686140	343094	13
686140	1433119	13
686203	685788	13
686244	2289435	13
686244	685784	13
686558	686244	13
686558	686473	13
686589	2327503	13
686589	685784	13
686589	685928	13
686589	686342	13
686598	686070	13
686616	686203	13
686616	686602	13
686683	2289368	13
686683	686583	13
686723	685757	13
686723	686203	13
686780	686589	13
686780	686639	13
686792	2214123	13
686792	1210465	13
686792	1210840	13
686792	2288883	13
686792	3349730	13
686792	233091	13
686792	2664945	13
686792	1433119	13
686792	2622074	13
686792	3731239	13
686792	685757	13
686792	686109	13
1735542	2731296	13
1735642	1735155	13
1735667	2293513	13
1735727	1735684	13
1735797	1735684	13
687232	428996	13
1337908	1337992	13
1736592	1736559	13
1338146	1338111	13
1338146	1338226	13
1338146	1338255	13
2786698	3147568	13
2786698	1076925	13
2786698	60007	13
2786698	1111275	13
2786698	2207415	13
2786698	2280538	13
2786698	2288739	13
2786698	3358195	13
2786698	2392364	13
2786698	3452352	13
2786698	343089	13
2786698	356279	13
2786698	450297	13
2786698	1831504	13
2786698	2663707	13
2786698	1709189	13
1384775	2207003	13
1384775	2207106	13
1384775	3357972	13
1384775	2328234	13
2790769	428996	13
694764	2674798	13
290786	290946	13
290849	290805	13
290849	291029	13
1689044	1688841	13
1747946	1747797	13
1748362	1747797	13
1748362	1748023	13
2797877	343035	13
2797877	343086	13
2797877	343135	13
2798044	343135	13
2798044	3667357	13
2798057	343128	13
2798057	449622	13
2798112	2798649	13
2798112	343135	13
2798130	2277403	13
2798130	2289435	13
2798130	343129	13
2798130	3667357	13
2798130	685998	13
2798140	343089	13
2798216	343089	13
2798270	2798057	13
2798317	343135	13
2798395	2207106	13
2798395	2798938	13
2798395	1831504	13
2798395	1558844	13
2798395	2396573	13
2798395	2798140	13
2798446	343131	13
2798446	2797877	13
2798450	343089	13
2798450	2798317	13
2798560	343061	13
2798560	343089	13
2798560	343091	13
2798560	2798112	13
2798569	2207003	13
2798569	685998	13
2798569	2786698	13
2798569	2798140	13
2798569	2798446	13
2798670	343061	13
2798670	343093	13
2798670	2797877	13
2798696	2798569	13
2798771	2798044	13
2798771	2798395	13
2798771	2798450	13
2798783	2798973	13
2798783	2798057	13
2798810	2798569	13
2798815	2206741	13
2798815	2289153	13
2798815	2798446	13
2798815	2798450	13
2799065	343094	13
2799065	2798560	13
2799065	2798696	13
2799065	2798815	13
2799085	343035	13
2799226	343135	13
2799275	2798973	13
2799275	2798783	13
2799335	2798395	13
2799367	2798973	13
2799367	2799275	13
2799438	343035	13
2799438	343135	13
2799438	2798696	13
2799486	343089	13
2799486	343094	13
2799486	2798057	13
2799486	2798130	13
2799497	343093	13
2799497	2798270	13
2799497	2799275	13
2799507	343035	13
2799507	343094	13
2799507	2798270	13
2799549	2798446	13
2799558	2798270	13
2799558	2798317	13
2799558	2798783	13
2799558	2799367	13
2799795	2798395	13
2799941	2207003	13
2799941	343086	13
2799941	343131	13
2799941	1559353	13
2799941	2797877	13
2799941	2799226	13
2799941	2799795	13
2800102	2799941	13
2800299	2799795	13
2800319	2206741	13
2800319	449622	13
2800319	1559353	13
2800319	2798810	13
2800395	3357972	13
2800395	2396579	13
2800395	343131	13
2800395	1559353	13
2800395	686140	13
2800395	2799486	13
2800395	2800338	13
2800460	2798771	13
2800460	2799941	13
2800460	2800319	13
1166207	1166371	13
1166207	615793	13
3851891	3477476	13
707035	2289153	13
707035	563670	13
707039	2215603	13
707039	3357972	13
707039	1385126	13
707039	1470316	13
707039	2553843	13
707039	463289	13
707039	2635500	13
707039	563670	13
707039	2800395	13
1756886	2100961	13
1756886	2765459	13
1757007	130879	13
1757225	1757007	13
1757429	234832	13
1757429	1756886	13
709146	3161015	13
709146	81777	13
709146	2228905	13
709146	3620376	13
709146	530108	13
709146	2897334	13
709146	2768133	13
709181	709146	13
709226	1676876	13
709758	709884	13
709993	709894	13
710009	588774	13
710110	710096	13
233176	2289435	13
2679698	2679688	13
2679698	2679710	13
1525102	2363803	13
1525102	375887	13
1525102	3584851	13
1525102	1524840	13
1525102	497073	13
2216059	2215591	13
715127	1073946	13
715532	486631	13
1764351	2207003	13
1764351	2536529	13
1764351	1906062	13
1764440	1764351	13
1764584	2236369	13
1764584	2236501	13
1764648	1764351	13
1764726	2236345	13
1764726	2236369	13
1764777	2236465	13
1764883	2157910	13
1764883	98077	13
1764883	98574	13
1764883	2206741	13
1764883	2208580	13
1764883	1166151	13
1764883	2236495	13
1764883	232026	13
1764883	233091	13
1764883	3746622	13
1764883	428996	13
1764883	435267	13
1764883	563670	13
1764883	3731344	13
1764883	635454	13
1764883	1764648	13
1764942	2236250	13
1764942	3319021	13
2816283	1471610	13
719211	719235	13
719379	719250	13
2566628	2566457	13
722950	3227219	13
722950	2714145	13
722971	1132839	13
3869708	2301650	13
724258	1461150	13
724258	3705494	13
724258	3705800	13
2821416	1764883	13
724267	3287322	13
724267	2289052	13
724267	2884287	13
2821525	615790	13
2821614	615790	13
2821641	2821416	13
1775081	2133874	13
726757	726601	13
726799	726757	13
727798	2195091	13
727798	1431742	13
727798	719462	13
727860	727798	13
2825188	663575	13
2825564	2277403	13
2825564	94083	13
2825564	2277215	13
2825564	2622074	13
2825564	707039	13
2825701	2509593	13
1778358	1661373	13
3875962	2542896	13
730716	2134736	13
730716	730919	13
730716	352299	13
730897	316114	13
730897	1991735	13
730897	2756546	13
3550920	3550064	13
3550920	3550196	13
2830785	707039	13
1345619	1134105	13
1345619	1210465	13
1345619	3337478	13
1345619	1470376	13
1345619	3584851	13
1345619	440728	13
1345619	2618202	13
1345619	3731344	13
1345619	710207	13
1345655	1345689	13
1520621	2590847	13
1784052	1783948	13
3551035	3550950	13
2833578	2289368	13
2833578	2293513	13
2833578	346390	13
2833578	440201	13
2833768	2833721	13
2833842	346390	13
2833842	440728	13
2834148	2833842	13
2834190	3287322	13
2834190	2834413	13
2834190	3705832	13
2834190	3705895	13
2834190	2756546	13
2834239	94083	13
2834239	2327503	13
2834239	1532568	13
2834239	2833768	13
2834682	724258	13
2834873	2833649	13
2834873	724258	13
2834873	2834239	13
3884986	3884981	13
3884989	2293513	13
3884989	3073172	13
3884989	2731296	13
3884990	3884978	13
3886420	2277215	13
1790510	1790457	13
1793154	3160391	13
2396542	1677073	13
2396563	60445	13
2396563	2215603	13
2396563	132474	13
2396563	2999319	13
2396563	4421917	13
2396563	338389	13
2396563	1421062	13
2396563	2479182	13
2396563	2509593	13
2396563	463289	13
2396563	530108	13
2396563	2683056	13
2396563	2897334	13
2396563	2768079	13
2396563	2793965	13
2396563	2798057	13
2845185	1111275	13
2845185	2327503	13
2845185	2328234	13
2845185	2396554	13
2845185	1559095	13
2845185	1559353	13
2845185	2663646	13
2845185	2800395	13
2845353	709146	13
2845353	2396563	13
2845464	709146	13
2845484	2214123	13
2845484	3512232	13
2845484	1559095	13
2845484	588774	13
2845484	1677073	13
2845484	663575	13
2845484	2833578	13
2845550	3358609	13
2845550	2786698	13
2845599	2845185	13
2845687	2845185	13
2845703	1111275	13
2845703	2207415	13
2845703	2289368	13
2845703	1471594	13
2845703	1558563	13
2845703	3667357	13
2845703	2712320	13
2845703	1677073	13
2845703	2799941	13
2845703	709226	13
2845703	2845599	13
2845753	1111675	13
2845753	2208580	13
2845753	1385067	13
2845753	3512232	13
2845781	1111275	13
2845781	1421004	13
2845781	2798395	13
2845781	2845687	13
2845914	2845353	13
2845914	2845781	13
2845983	3626039	13
2845983	1559353	13
2845983	3705699	13
2845983	2396573	13
2846088	2207003	13
2846088	3603962	13
2846088	3626039	13
2846088	709146	13
2846163	2845484	13
2846163	2846088	13
1348407	1133900	13
1348407	2216159	13
1348407	3342922	13
1800539	60430	13
1800539	1385126	13
1800539	1818505	13
1800539	3711392	13
1800820	2575920	13
1801078	2121416	13
1801078	1801360	13
1801078	416506	13
474955	3512326	13
1801204	1800624	13
1801323	1800820	13
2849934	2157797	13
2849934	1112182	13
2849934	1132839	13
2849934	3231772	13
2849934	1197530	13
2849934	2288739	13
2849934	2392364	13
2849934	2396549	13
2849934	2396579	13
2849934	2849947	13
2849934	1558563	13
2849934	1643148	13
2849948	2849928	13
825231	2833649	13
825231	4421917	13
1524349	375122	13
1524349	376331	13
1524349	1525096	13
1524406	1524650	13
1524406	1525346	13
1524412	1524406	13
1524431	1524258	13
1524431	1524840	13
1524932	1524840	13
1524932	1524442	13
1525036	1524697	13
2864421	232907	13
2864421	233176	13
2864421	2864416	13
2864441	1234216	13
2864441	2864416	13
2864447	1234216	13
2864447	2864440	13
2864517	3731239	13
1818246	2110673	13
1818246	2121460	13
1818246	60430	13
1818246	2206741	13
1818246	2207003	13
1818246	3551006	13
1818246	2500212	13
1818246	2575999	13
1818246	2580699	13
1818246	2581177	13
1818246	2730852	13
1818278	1818246	13
1818334	3550704	13
1818378	1818505	13
1818393	1818334	13
1818441	1818334	13
1818460	60163	13
1818460	60445	13
1818460	2328234	13
1818460	2338737	13
1818460	463370	13
1818481	3550339	13
1818481	1800539	13
1818481	1818298	13
1818493	1818393	13
1818528	1385126	13
1818528	416506	13
1818528	1818393	13
1818539	1818246	13
3629403	1210630	13
3629403	3629385	13
1818799	1818460	13
1818811	60517	13
1818811	1112050	13
1818811	81733	13
1818811	81777	13
1818811	3231772	13
1818811	2207106	13
1818811	1210840	13
1818811	2277502	13
1818811	1819097	13
1818811	1559353	13
1818811	1596430	13
1818811	1800624	13
1818811	1818682	13
1818811	1818685	13
1818843	2110673	13
1818843	2121684	13
1818843	2158365	13
1818843	2207003	13
1818843	1210840	13
1818843	3550064	13
1818843	416397	13
1818843	2581177	13
1818843	3711392	13
1818843	2500220	13
1818843	1818378	13
1818843	1818837	13
1818925	2121416	13
1818925	1818298	13
1818925	1818493	13
1818941	1818460	13
1818948	1818460	13
1819031	1818393	13
1819031	1818481	13
1819031	1818843	13
1819078	1818843	13
1819087	2206741	13
1819087	2207003	13
1819087	3550271	13
1819087	1559353	13
1819087	2731044	13
1819087	1735600	13
1819087	2849934	13
1819094	1819097	13
1819122	1818460	13
1819122	1818925	13
1819152	1818811	13
1819152	1818843	13
1819182	1818528	13
1819197	1819182	13
1819211	1818505	13
1819211	1818925	13
1819211	1819031	13
1819217	1818334	13
1819217	1818481	13
1819217	1819016	13
2925440	1316188	13
2925440	3559115	13
2925440	425227	13
2925440	2636504	13
1824246	1234288	13
1824246	2454700	13
1824320	3156470	13
1824320	98069	13
1824320	194498	13
1824320	1991735	13
1824320	1608190	13
1824320	2542981	13
1824320	1846898	13
1824320	686723	13
1824320	724267	13
1824395	1824375	13
1824400	1824395	13
1824407	2133874	13
1824407	2983355	13
1824407	2214123	13
1824407	1234008	13
1824407	2289368	13
1824407	2289387	13
1824407	2289435	13
1824407	3481337	13
1824407	428996	13
1824407	2542981	13
1824407	1764883	13
1824407	2864421	13
1825869	1470316	13
1825869	1480390	13
1825869	1525102	13
3343038	3343146	13
1429780	664869	13
1831446	1234216	13
1831446	2228905	13
1831446	2849934	13
1831446	1831412	13
1831622	1831548	13
1831641	1831391	13
1831641	1831622	13
1831711	1831665	13
1831811	1831665	13
305302	1245534	13
1831839	1831358	13
1831881	1831446	13
1831914	1831504	13
1831914	1831358	13
1831914	1831641	13
1831958	1831504	13
1832004	1831504	13
1832004	1831358	13
1832014	1831391	13
1832014	1831711	13
1832014	1831881	13
1832169	1831446	13
1832194	1831446	13
1832194	1831641	13
2880816	428996	13
2880816	2622074	13
1832250	1832151	13
2880891	2880888	13
1832411	1831446	13
1832411	1831641	13
1832546	1831811	13
1832546	1832194	13
1832629	1831811	13
1832767	1831615	13
1832767	1832546	13
1832794	1831358	13
1832794	1831641	13
1832794	1831665	13
3626060	3626675	13
2053312	2157797	13
2053312	2327743	13
2053312	233410	13
2053312	343094	13
2053312	1470316	13
2053312	686589	13
2053312	2798815	13
2053312	2833578	13
3343253	3343759	13
3626851	3626229	13
3626851	2845703	13
2888848	2888688	13
132251	2715120	13
132441	2110673	13
132441	2280538	13
132441	3357972	13
132441	463654	13
132441	2714145	13
132441	1790150	13
132441	1790172	13
1843230	1843196	13
2891849	3626891	13
2894854	3221475	13
2894854	2215603	13
2894854	232824	13
2894854	233026	13
2894854	233410	13
2894854	2594574	13
2894854	2894884	13
2894854	2396563	13
2894896	2983355	13
2894896	232824	13
2894896	3542244	13
2894896	2894934	13
2894896	3746668	13
2894896	686589	13
2894896	233176	13
2894917	2894854	13
2894938	1234216	13
2894938	1210630	13
2894938	1824407	13
2895061	233091	13
2895090	2127308	13
2895090	2157797	13
2895090	2194761	13
2895090	2195091	13
2895090	166132	13
2895090	2277215	13
2895090	2364508	13
2895090	1364592	13
2895090	3542338	13
2895090	3667357	13
2895090	3705832	13
2895090	3751399	13
2895090	663575	13
2895090	686070	13
2895090	1747797	13
2895090	724267	13
2895090	1348407	13
2895090	1350486	13
2895164	1234008	13
2895164	2288883	13
2895164	2289368	13
2895164	1480390	13
2895164	2594372	13
2895164	2894917	13
2895236	2894938	13
2895247	2983355	13
2895247	1234273	13
2895247	233410	13
2895247	1470376	13
2895247	428996	13
2895247	3731239	13
2895247	686070	13
2895266	2983301	13
2895266	3287245	13
2895266	1210931	13
2895266	2318589	13
2895266	233336	13
2895266	1364565	13
2895266	1385067	13
2895266	3542244	13
2895266	2665089	13
2895266	2731296	13
2895266	686244	13
2895266	2864447	13
1846987	1846928	13
1847769	1847760	13
2896433	2786698	13
2959612	2396569	13
2898208	2320358	13
2898208	3481337	13
2898247	2898208	13
2898746	2895266	13
2898801	2898746	13
2898897	3287322	13
2898897	2279390	13
2898897	2318589	13
2898897	233378	13
2898897	3010860	13
2898897	3542244	13
2898897	1764883	13
2898897	2894896	13
2898897	2898811	13
2898918	232824	13
2898918	3746622	13
2898918	440728	13
2898918	2864421	13
2898918	2898811	13
2898952	2983301	13
2898952	2898811	13
2898965	2894854	13
2898972	2983301	13
2898972	2289153	13
2898972	232824	13
2898972	3010860	13
2898972	3746622	13
2898972	2594574	13
2898972	1470376	13
2898972	686792	13
2898972	2053312	13
2898980	2898918	13
2899044	3731239	13
2899044	2894854	13
2900658	233091	13
2900658	2900607	13
1532205	1532568	13
1532205	1764883	13
1855117	1856389	13
1855147	3660160	13
1855147	3660456	13
1855946	1855425	13
1855946	1855476	13
1856366	1856389	13
2910209	2353	13
2910209	338389	13
2910209	3667357	13
2910209	2897198	13
2911739	2911682	13
820466	820171	13
2919769	3549444	13
2919769	1677073	13
2919769	2396563	13
1871564	1871286	13
823943	2214123	13
823943	2277083	13
823943	2396549	13
823943	2897334	13
823943	2800395	13
823943	2849934	13
824140	724267	13
824140	474955	13
824358	2833578	13
826045	2277083	13
826045	2845753	13
826045	825231	13
826124	825231	13
826308	826045	13
826352	824140	13
826821	2207003	13
826821	2214123	13
826821	724267	13
826821	2845703	13
1885450	228920	13
1885450	428996	13
1881602	1764942	13
1881685	1882226	13
1881898	1334453	13
1881898	1881528	13
1882262	2236465	13
2931418	1364565	13
2931444	2931418	13
2236308	99607	13
2236308	2289052	13
2236308	2320229	13
2236308	1341052	13
2236308	405639	13
2236308	1764420	13
2236308	3098733	13
2236511	2236405	13
2236511	1764351	13
1885477	2214123	13
1885477	2289368	13
1885477	428996	13
1885477	440728	13
1885715	1885586	13
1887476	1887426	13
1887750	1887358	13
1887750	1887439	13
1887529	1887554	13
2938549	274616	13
1891314	1891227	13
1891314	1532568	13
1891314	1891143	13
2940953	3667357	13
2942054	2228905	13
2942072	2228905	13
2942222	2288739	13
2942222	2396563	13
2942339	2228905	13
316119	730716	13
848569	94083	13
2946129	2252017	13
1365121	1600513	13
2947930	1525102	13
852660	2594372	13
852660	685948	13
852660	686140	13
852660	1345619	13
852660	1824407	13
852750	428996	13
852750	685948	13
852750	686792	13
852801	852522	13
2950512	2950484	13
1905966	1764883	13
1906028	1764883	13
858472	858464	13
2053752	2053681	13
1530061	1136299	13
1530061	3315656	13
1530061	3337298	13
2958534	2396579	13
2958534	588774	13
2958782	2396554	13
2958782	2959612	13
2959924	356279	13
2959924	2910209	13
1913697	2110888	13
1913697	2121684	13
1913697	60224	13
1913697	60517	13
1913697	2279390	13
1913697	3361282	13
1913697	1384631	13
1913697	1790150	13
1913697	1800820	13
1913697	1818334	13
1913757	1913697	13
866397	2157797	13
866397	2158365	13
866397	94083	13
866397	2206741	13
866397	2207003	13
866397	1210840	13
866397	2279390	13
866397	430253	13
866397	440728	13
866397	1831504	13
866397	707039	13
866397	2895090	13
866607	866503	13
866850	2208709	13
866850	2216068	13
866850	2279390	13
866850	2288883	13
866850	233091	13
866850	346390	13
866850	2586380	13
866850	2594372	13
866850	2730916	13
866850	663575	13
866850	730716	13
866850	2834373	13
866850	2849934	13
866850	2942222	13
866850	866460	13
866850	866487	13
2263500	2263518	13
866987	866503	13
866987	866607	13
867231	866987	13
867284	866987	13
867369	866553	13
867525	2833649	13
867525	2833578	13
868181	2834190	13
868216	2289153	13
868216	2833578	13
868216	867284	13
868216	867369	13
868360	866397	13
868360	866987	13
868360	868012	13
868552	2834190	13
868552	2834239	13
868552	867148	13
868597	866553	13
868625	866799	13
868625	867800	13
868660	866850	13
868660	868597	13
868826	867148	13
868838	866799	13
868838	868360	13
868909	868552	13
868909	868838	13
868943	866799	13
870409	2849934	13
1920461	214358	13
1920461	349331	13
1920461	1430255	13
2969126	2289153	13
2969126	1255646	13
2969342	2444366	13
3799989	3799990	13
3799989	852858	13
2543075	2542909	13
1923925	1212835	13
2974385	2214123	13
2974385	2288883	13
2974385	724258	13
2974385	2974199	13
2974754	2974199	13
2974809	1234216	13
2974809	1764883	13
2974809	2834239	13
2974871	724267	13
1928299	1928272	13
1928443	1928299	13
1929057	1929044	13
1929084	1929018	13
3451120	1856366	13
1931061	1931021	13
1931213	1931019	13
496847	497392	13
2982270	2683056	13
2982292	2683056	13
2983114	1234216	13
2983153	2983355	13
2983221	2895266	13
2983221	2983114	13
2983221	2983193	13
2983231	1480390	13
2983231	2983114	13
2983282	2214123	13
2983282	1234008	13
2983282	2293513	13
2983282	233336	13
2983282	4461351	13
2983282	3542428	13
2983282	3746622	13
2983282	429062	13
2983282	2864421	13
2983282	2895164	13
2983320	2983185	13
2983345	2279390	13
1934919	1935662	13
1934943	1234216	13
1934943	2289435	13
1934943	1935624	13
1934988	1934873	13
1935131	1934873	13
1935221	1935152	13
1935225	2327620	13
1935225	4461351	13
1935225	2894854	13
1935225	2894896	13
1935225	2898897	13
1935372	2289153	13
1935372	1934981	13
1935432	1935372	13
1935491	2215603	13
1935491	166132	13
1935491	2277215	13
1935491	3731344	13
1935491	1348407	13
1935491	1935131	13
1935491	1935221	13
1935589	1935225	13
2984208	3261119	13
2984208	1470316	13
2984208	3731344	13
1935640	1234216	13
1935640	2289153	13
1935640	1934981	13
1935640	1935290	13
1935640	1935432	13
1935670	14734	13
1935670	2983301	13
1935670	2173343	13
1935670	1210465	13
1935670	166202	13
1935670	2289627	13
1935670	1432932	13
1935670	2327964	13
1935670	686589	13
1935670	2800395	13
1935670	724267	13
1935670	2833842	13
1935670	2898746	13
1935670	2969126	13
1935670	1934919	13
1935670	1934925	13
1935699	1934889	13
1935714	1133900	13
1935714	2215603	13
1935714	2216068	13
1935714	166378	13
1935714	2279390	13
1935714	1234008	13
1935714	3010860	13
1935714	1348893	13
1935714	3620142	13
1935714	2594372	13
1935714	2622074	13
1935714	1600162	13
1935714	1600294	13
1935714	2730852	13
1935714	686723	13
1935714	707039	13
1935714	2396563	13
1935714	1824246	13
1935714	2898897	13
1935760	1934919	13
1935760	1934925	13
1935760	1934981	13
1935760	1935131	13
1935787	1935225	13
1935792	2215755	13
1935792	2288989	13
1935792	2289387	13
1935792	2328234	13
1935792	233336	13
1935792	1364592	13
1935792	2594574	13
1935792	429062	13
1935792	1599922	13
1935792	1600162	13
1935792	615793	13
1935792	2730916	13
1935792	686070	13
1935792	2894938	13
1935792	1934939	13
1935792	1935782	13
2594553	2895090	13
2594553	2895266	13
1935981	2289368	13
1935981	1935152	13
1936015	1934943	13
1936015	1935372	13
1936015	1935491	13
2985955	2765459	13
2985955	2985607	13
497803	497342	13
891494	891440	13
2988812	1824320	13
2595336	2731116	13
2595336	2731121	13
1942088	2974385	13
1942814	1234216	13
1942814	1599922	13
1942814	2731296	13
1942814	4477614	13
1942814	1942732	13
1942846	1942836	13
2991526	1470316	13
2991548	233091	13
2991548	428996	13
2991548	462940	13
2991548	3620142	13
2991548	3751399	13
2991548	3755432	13
2991548	2894854	13
1942981	1942846	13
1943012	1942846	13
1943040	2594372	13
1943040	1942732	13
1943040	1942996	13
1943050	1942814	13
2994234	709146	13
1947583	1947496	13
1373218	3319021	13
1373218	3319099	13
1373218	1373317	13
2247170	2247239	13
2020200	1234216	13
2020200	3221327	13
2020200	2216068	13
2020200	133219	13
2020200	133225	13
2020200	1210471	13
2020200	1210840	13
2020200	2293472	13
2020200	3526678	13
2020200	2586512	13
2020200	3705699	13
2020200	663575	13
2020200	2798395	13
2020200	2833842	13
2020200	1819087	13
2997886	2997743	13
2999269	2999319	13
2999685	2999180	13
3000438	1934873	13
3000438	1210465	13
3000438	2293513	13
3000438	343089	13
3000438	1480390	13
3000438	3620142	13
3000438	563670	13
3000438	686070	13
3000438	2817907	13
3000438	1348407	13
3000438	1824320	13
3000438	1935225	13
3000508	2288739	13
3000508	685998	13
3000508	2053312	13
3000655	2288739	13
3003456	3003396	13
906355	3358195	13
906355	3711392	13
1955567	367068	13
907141	3550704	13
907424	906355	13
908647	2277089	13
908647	1385126	13
908647	60171	13
908647	416373	13
908647	463370	13
908647	505708	13
908647	709146	13
908647	1818811	13
908647	1843416	13
908647	866850	13
908668	2228905	13
908668	3737594	13
908668	2786698	13
908668	2800395	13
908668	2845753	13
908668	1818811	13
908823	908920	13
908823	908813	13
908859	2187899	13
908859	2338737	13
908859	60171	13
908859	2478881	13
908859	1471610	13
908859	434510	13
908859	449622	13
908859	3603962	13
908859	509276	13
908859	509313	13
908859	2798395	13
908859	709226	13
908859	709758	13
908859	2845703	13
908859	2942222	13
908859	908736	13
2423408	2422767	13
2423408	2423368	13
2423408	2423475	13
3006140	3006079	13
3007297	2206741	13
3007297	2207415	13
3007297	2289368	13
3007297	2328234	13
3007297	1558844	13
3007297	3672321	13
3007297	1348407	13
3007297	866397	13
3007297	866850	13
3007377	3007297	13
3007450	2288739	13
3007502	2293513	13
3007608	3007383	13
3007713	3007450	13
3008011	2277403	13
3008011	3357972	13
3008011	2396579	13
3008011	1385067	13
3008011	3512326	13
3008011	416373	13
3008011	449622	13
3008011	1559353	13
3008011	3737544	13
3008011	2845524	13
3008011	2845753	13
3008011	824358	13
3008011	826821	13
3008057	709146	13
3008654	1111675	13
3008654	1234216	13
3008654	3357972	13
3008654	2396549	13
3008654	234832	13
3008654	1677073	13
3008654	2800395	13
3008766	2396542	13
3008766	3008057	13
3008923	1471594	13
3008923	2845703	13
1963113	891440	13
1963113	2561873	13
1963113	1963098	13
3012434	3012300	13
3012448	3012300	13
917972	2730852	13
918106	2731296	13
1966684	1643148	13
918136	918106	13
3015382	2251584	13
1966809	522660	13
3016712	98069	13
3016712	3016032	13
3016712	3016255	13
3017545	416506	13
3017545	434510	13
1969843	2786698	13
1881260	1882262	13
3020565	1144979	13
3020582	1144979	13
3020582	3020548	13
1977433	2396538	13
1977433	449796	13
3026846	1601090	13
3026846	2730916	13
3026900	1364592	13
3026900	2646158	13
3026900	1600513	13
3026900	2731296	13
3026916	3026893	13
519795	519784	13
3522706	685998	13
3522706	852660	13
1553973	3287322	13
681001	3779370	13
1991698	94083	13
1991698	2833578	13
1991799	2834190	13
1992056	3705699	13
1992235	2833649	13
1992235	2833842	13
943833	2849934	13
1992563	2328234	13
944311	396444	13
944405	944311	13
1994527	1994499	13
1995199	3755453	13
1998480	1998520	13
1998480	1998424	13
1998541	1998436	13
1999053	1998647	13
1999712	1134105	13
1999712	2289153	13
1999712	685948	13
1999712	685998	13
1999712	1999696	13
1999849	1999627	13
1999849	1999795	13
1999849	1999826	13
956843	2123672	13
956843	2293513	13
956843	2581177	13
956843	1599470	13
956843	2654109	13
3009152	1471610	13
2009098	1134105	13
2009284	2009229	13
2009311	2009159	13
3058037	1661301	13
2009497	3251704	13
2009497	3252109	13
2009497	2009229	13
2009497	2009244	13
2009575	2009555	13
2009575	2009098	13
2009575	2009215	13
2009575	2009311	13
2009745	2009098	13
2009758	2009215	13
2009773	2009634	13
2009814	2009634	13
2009857	1133900	13
2009857	2009215	13
2009870	1818811	13
2009870	2009215	13
2009870	2009223	13
2009870	2009241	13
2010776	2598339	13
2580932	2581021	13
964414	964496	13
964439	74104	13
964439	1470316	13
1558882	3604079	13
1558882	1558733	13
1558882	1559078	13
1558882	3667357	13
1558882	1818811	13
1558882	1818843	13
1558882	2974385	13
1559160	60445	13
1559160	81733	13
1559160	2206690	13
1559160	2208862	13
1559160	3291204	13
1559160	1210840	13
1559160	2289368	13
1559160	3358885	13
1559160	2396581	13
1559160	343135	13
1559160	2509517	13
1559160	449569	13
1559160	663575	13
1559160	2396542	13
1559160	1818481	13
1559160	870409	13
1559160	3007297	13
1559323	1558844	13
2016284	133352	13
2016284	1210630	13
2016284	219980	13
2016284	440728	13
2016284	3705699	13
2016284	2680127	13
2016613	3672321	13
2016613	2016104	13
2016613	2016346	13
2016670	2016284	13
2016689	2016284	13
2016725	2016462	13
2016841	2016332	13
2016932	2016571	13
2016956	2016104	13
2017109	2016284	13
2017109	2016394	13
2017109	2016689	13
2017131	2016689	13
2017131	2016841	13
2017131	2016932	13
2017177	2293513	13
2017177	2016809	13
2017306	2016284	13
2017306	2016725	13
2017340	2016104	13
2017340	2016462	13
2017340	2016956	13
2017340	2017306	13
969116	94083	13
969116	2598339	13
969116	2756716	13
1384967	60163	13
1384967	2277502	13
1384967	2327503	13
1384967	2338737	13
1384967	463103	13
1384967	463289	13
1384967	1831504	13
1384967	1559353	13
1384967	1596430	13
1384967	2845484	13
1384967	1818246	13
1384967	132441	13
1384967	3000438	13
3067225	3066710	13
2019507	416506	13
2019550	2730916	13
2019741	133097	13
2019741	133265	13
2019741	1210465	13
2019741	2280538	13
2019741	2302944	13
2019741	2327586	13
2019741	2327620	13
2019741	346390	13
2019741	2833842	13
2019741	1558882	13
686184	686761	13
2020026	2157797	13
2020026	133352	13
2020026	2289153	13
2020112	2157797	13
2020112	2328234	13
2020112	416506	13
2020184	2019550	13
2020184	2020026	13
2020242	2019550	13
2020242	2020026	13
2020261	2019550	13
2020261	2020026	13
2020466	2020112	13
2020524	2019702	13
2020580	2730916	13
2020580	2020242	13
2020641	2288739	13
2020641	2328234	13
2020641	440728	13
2020641	2731044	13
2020641	2731296	13
2020776	2020641	13
2020836	18944	13
2020836	2123672	13
2020836	2328117	13
2020836	1348893	13
2020836	343135	13
2020836	3526678	13
2020836	505643	13
2020836	1559095	13
2020836	3672321	13
2020836	1596430	13
2020836	1600513	13
2020836	448913	13
2020836	1677073	13
2020836	279632	13
2020836	724267	13
2020836	2833578	13
2020836	2834239	13
2020836	2225781	13
2020836	1913697	13
2020836	2983282	13
2020836	908859	13
2020836	2020806	13
2301927	2301529	13
2301927	2302017	13
2301927	2302021	13
2301927	3759728	13
2020964	2020836	13
2020985	2020641	13
2021004	2845703	13
2021004	2019857	13
2021004	2020242	13
2021134	2019895	13
2021134	2020112	13
2021134	2020524	13
2021175	2019702	13
2021175	2019857	13
2021175	2020898	13
686728	1210465	13
686728	1234008	13
686728	2288883	13
686728	375122	13
686728	1432932	13
686728	3731283	13
686728	3755432	13
686728	686274	13
686728	686639	13
686728	686820	13
686728	1935152	13
686775	685784	13
686775	685998	13
686775	686761	13
2783937	2783899	13
3073047	3073172	13
3073075	219980	13
3073075	3884988	13
3073124	3884981	13
3073131	3884988	13
3073176	3361981	13
3073176	220080	13
3073176	220108	13
3073176	3884990	13
3073176	2017177	13
3073196	219980	13
3073196	3073124	13
3073239	3073147	13
3073270	3362209	13
3073270	220084	13
3073270	2731296	13
3073270	3073019	13
1735690	1735600	13
1735690	1735667	13
2026816	2561873	13
2026816	2622074	13
2026816	1345619	13
2026904	2020200	13
2026904	2019741	13
2026904	2020836	13
3075771	3075835	13
3076448	3076665	13
3076491	3075894	13
2260624	1991735	13
3078979	98069	13
2610418	2610722	13
3080640	2552178	13
3080640	1677073	13
3080640	728442	13
3080640	730897	13
451796	452449	13
2034557	2034520	13
2034573	2034555	13
2034573	2034557	13
2034697	2034555	13
2034697	2034557	13
2034727	2034668	13
2034732	2034525	13
2786654	3358609	13
2786654	2396573	13
2786654	709146	13
2786654	709226	13
1039141	1234216	13
1039141	2895266	13
3089687	1530061	13
2042069	2041945	13
3090854	329480	13
3090854	425227	13
3091134	686683	13
3091415	3091134	13
3091535	3091415	13
3091555	3091259	13
3091708	3091134	13
3091708	3091259	13
3091708	3091678	13
1464766	1464803	13
166231	166551	13
341461	341380	13
3098546	2236398	13
3098546	1764777	13
3098580	3098733	13
3098580	2236308	13
3098731	1764883	13
3098834	1532568	13
3098856	3098834	13
3098864	3098834	13
2053199	2328234	13
2053199	233091	13
2053199	2622074	13
2053199	2894896	13
2053199	2895090	13
2053418	2053312	13
2053533	3000438	13
2053533	2053191	13
2053560	2053199	13
2053720	2053312	13
2053720	2053533	13
2053791	2053533	13
2053815	2053560	13
2053923	2983355	13
2053923	3221327	13
2053923	2237951	13
2053923	3287322	13
2053923	2279390	13
2053923	1237099	13
2053923	3349769	13
2053923	1364565	13
2053923	1364806	13
2053923	2509593	13
2053923	428996	13
2053923	3579813	13
2053923	2536529	13
2053923	463289	13
2053923	2586379	13
2053923	1831504	13
2053923	1600162	13
2053923	2709669	13
2053923	686301	13
2053923	686616	13
2053923	1818843	13
2053923	2236308	13
2053923	1885477	13
2053923	2983282	13
2053923	1935491	13
2053923	3000508	13
2053923	3000639	13
2053923	908647	13
2053923	2019895	13
2053923	2053394	13
2053923	2053418	13
343088	2798649	13
343088	2289435	13
343088	343131	13
343088	448913	13
343088	2786698	13
343088	2798270	13
343088	2799085	13
343088	823943	13
343097	2277215	13
343097	3603962	13
343097	3604079	13
343097	2798696	13
343097	2799438	13
343097	1764883	13
343116	2799590	13
343116	343129	13
343116	2799065	13
1042184	3655535	13
1042184	1661373	13
1042184	664869	13
867495	868625	13
2061537	1364806	13
2061537	2730916	13
2061537	2931093	13
2061537	2931120	13
2061538	1210630	13
2061538	2730916	13
3118851	3156449	13
3118851	3118782	13
3118918	2195091	13
3118992	2195091	13
3118992	1470316	13
3118992	1846898	13
3118992	858472	13
519859	519906	13
519859	519971	13
519915	519997	13
2074819	2756716	13
3125740	1210630	13
3125740	1210840	13
3125740	2327503	13
3125740	1385067	13
3125740	1470316	13
3125740	707039	13
3125740	1345619	13
3125740	2894854	13
3125740	3000438	13
3125837	3125828	13
3126253	3125740	13
3126398	60171	13
3126398	1345619	13
3126398	2849934	13
3126398	866397	13
3126475	2228905	13
3126475	2552178	13
3126660	2228905	13
3126660	2280538	13
3126660	2328234	13
3126660	2338737	13
3126660	2730916	13
3126660	685948	13
3126660	686589	13
3126660	724267	13
3126894	3125740	13
346401	346390	13
3126985	2594372	13
3126985	2845484	13
3126985	866397	13
3126985	3000438	13
3126985	343088	13
3126985	3125828	13
3126985	3126573	13
1030870	663575	13
1030870	2834190	13
1030870	2834711	13
1030870	2891088	13
2079599	686728	13
1034079	3614493	13
1034079	515592	13
1034079	1034008	13
2083730	2083473	13
1035657	1035650	13
1035690	1035643	13
1035704	1035643	13
1035733	1035643	13
1035748	1035650	13
1035748	1035733	13
1035755	1035719	13
1035755	1035725	13
3133383	4495924	13
3133383	3705699	13
3133585	1991735	13
1570898	2455624	13
1039120	1039141	13
1039123	2289153	13
1039250	429062	13
1039250	440728	13
1039250	3705699	13
1039250	686792	13
1039250	2790769	13
1039250	1764883	13
1039250	2894896	13
1039250	1935670	13
1039304	1039250	13
1039343	1039123	13
1571651	1571618	13
1571651	1571680	13
1571840	1571658	13
3141937	3141792	13
349322	1237702	13
349322	214358	13
349322	1778358	13
