1056220	1056056	15
1056396	1056220	15
2121460	2121437	15
2121555	2121511	15
1077215	1077163	15
1077390	1077231	15
1077760	1077114	15
2127241	2127134	15
2127281	2127113	15
2127308	2127207	15
2127420	2127308	15
2127531	2127308	15
1085179	1085084	15
2133854	2133834	15
1085936	1085084	15
1085936	1085732	15
52828	52712	15
52951	52828	15
52996	52951	15
3203913	3203808	15
60224	60007	15
60251	60167	15
60497	60430	15
2158545	2158156	15
2158633	2157797	15
2158633	2158365	15
2158908	2158052	15
2158908	2158365	15
2158943	2158052	15
61800	61681	15
1112050	1111601	15
1112182	1111601	15
1234216	14961	15
2163467	2163390	15
2163510	2163467	15
3218395	3218361	15
74343	74289	15
2173343	1089515	15
3227183	1074703	15
81777	3159836	15
81932	81733	15
81939	81800	15
82242	81932	15
82242	82164	15
1134021	1133961	15
1134074	1134021	15
1134148	1133931	15
1134199	1133900	15
1134237	1134222	15
3231728	3159836	15
3231953	3231772	15
2184648	2184631	15
2189929	2189912	15
2189933	2189912	15
1144952	1144914	15
1144979	1144801	15
2194761	2173343	15
2195091	1089515	15
98390	98069	15
3251692	3251536	15
3251704	3251692	15
3251890	3251536	15
1155412	1155367	15
109250	108984	15
109264	108984	15
2206640	2206610	15
2206690	2206610	15
2207003	2206532	15
2207128	2207030	15
2207415	2207280	15
2207452	2207128	15
2208222	2207128	15
2208580	2207128	15
2208709	2207280	15
2208709	2207871	15
2208862	2206640	15
2208924	2207085	15
2209058	2206741	15
3261119	1234216	15
2214123	2206741	15
2215603	14961	15
2215603	2215420	15
2216092	2215536	15
2216092	2215591	15
2216159	14961	15
2216159	2215982	15
2216159	2216022	15
1175106	1175068	15
3286475	94083	15
2228905	2206741	15
2228905	2207003	15
1181194	1181152	15
1181194	1181173	15
1181216	1181173	15
1181253	1181216	15
133180	133041	15
133265	2158365	15
2236333	2236250	15
2236345	2236264	15
2236345	2236342	15
2236405	2236369	15
2236425	2236345	15
2236425	2236369	15
2236431	2236356	15
2236431	2236404	15
2236465	2236342	15
2236495	2236369	15
2236523	2236369	15
2236523	2236431	15
2236554	2236250	15
2236554	2236405	15
2236563	2236431	15
1188614	1188487	15
3287255	2194761	15
3287322	3221705	15
2121416	2121593	15
2121416	2121605	15
147219	1132839	15
147293	1132839	15
1201472	1201347	15
1202179	1202162	15
161734	161725	15
1210465	1234216	15
1210562	1210465	15
1210562	1210471	15
1210562	1210495	15
1210630	2157910	15
1210630	3221327	15
1210630	2206741	15
1210766	1210495	15
1210840	1934873	15
1210840	1210562	15
1210840	1210612	15
170693	170639	15
170770	170693	15
3319021	2236465	15
3319099	2236465	15
1226896	94083	15
2277215	60007	15
2277215	1112050	15
2277215	2207106	15
2277314	2277174	15
2278157	2277502	15
1229588	1229585	15
1229597	1229585	15
1230179	1230985	15
2279390	2157797	15
2279390	2279148	15
2279624	2277083	15
3329374	3329280	15
1234132	1234093	15
1234232	1234093	15
1234253	1233997	15
1234273	1234232	15
1238739	1238872	15
2288514	2289889	15
2288608	2288503	15
2288739	3221327	15
2288739	2216068	15
2288739	1210471	15
2288739	1210495	15
2288739	2288608	15
2288820	2288703	15
2288866	2288820	15
2288883	2289803	15
2288908	2288830	15
2288989	2289803	15
2288989	2288908	15
2288996	2289519	15
2288996	2288503	15
2288996	2288739	15
2289010	2288820	15
2289073	2288503	15
2289141	2289010	15
2289153	2277403	15
2289153	2157910	15
2289153	2158365	15
2289153	2983355	15
2289153	2216068	15
2289153	2236501	15
2289153	3287322	15
2289153	1210495	15
2289153	166132	15
2289153	2279390	15
2289188	2288514	15
2289188	2288989	15
2289222	2289153	15
2289256	2288608	15
2289256	2289073	15
2289297	2289010	15
2289323	2289073	15
2289323	2289153	15
2289323	2289256	15
2289355	2289153	15
2289368	1934873	15
2289368	2214123	15
2289368	3287322	15
2289368	2288916	15
2289368	2289323	15
2289368	2289355	15
2289387	2289168	15
2289416	2288866	15
2289435	2983355	15
2289435	2216159	15
2289435	2277215	15
2289435	2279390	15
2289435	2289083	15
2289435	2289355	15
2289459	2289519	15
2289459	2289200	15
2289459	2289416	15
2289627	2289889	15
2289627	2236523	15
2289763	2289803	15
2289763	2288608	15
2289763	2289168	15
2289763	2289355	15
2289793	2289519	15
2289793	2288996	15
2289793	2289188	15
2289817	2289519	15
2289817	2288608	15
2289817	2289200	15
2289817	2289627	15
2289846	2288503	15
2289846	2288739	15
2289846	2288996	15
2289846	2289168	15
2289846	2289297	15
2289846	2289387	15
2289868	2288739	15
2289868	2289010	15
2289868	2289416	15
2289894	2288883	15
2289894	2288989	15
2289944	2289141	15
2289961	2288503	15
2289961	2289763	15
2290038	2288866	15
2290038	2288996	15
2290038	2289052	15
2293413	2293588	15
2293472	2293401	15
2293513	2157910	15
2293513	1234216	15
2293513	2293588	15
2293513	2289435	15
2293648	2293672	15
2293661	2293453	15
2293706	1210840	15
2302051	2301850	15
2302135	2301875	15
2302135	2301650	15
2302135	2302051	15
2302144	2301506	15
2302144	2302017	15
2302177	2301617	15
2302592	2302960	15
1255646	1255630	15
209222	209210	15
3357972	60430	15
3357972	81777	15
3357972	2206690	15
3357972	2207128	15
3357972	2251584	15
3358195	81777	15
3358195	3329280	15
3358609	2157797	15
3358609	3231669	15
3358609	2296151	15
3358677	3358609	15
3358885	3357972	15
215297	214358	15
215789	214358	15
215907	3258450	15
215907	214358	15
3362209	3362185	15
220003	219880	15
220084	219915	15
220124	220084	15
2319856	99132	15
2320229	2320105	15
2320264	2320229	15
4421917	2289153	15
229005	2289153	15
2327503	2216159	15
2327503	2277215	15
2327653	1210630	15
2327990	2327620	15
2328067	1210630	15
2328067	2289153	15
2328067	2327990	15
2328234	2206741	15
2328234	2207003	15
2328234	2293513	15
2328234	2328170	15
232026	2236465	15
232129	232026	15
232907	2983301	15
233026	232907	15
233045	232957	15
233091	3261119	15
233091	166378	15
233091	1234273	15
233316	233026	15
233410	2983355	15
1282190	1132839	15
2338737	2228905	15
2338737	2279390	15
2338737	3358609	15
2664945	1234216	15
4461351	2289793	15
4461351	2289846	15
2364345	2364309	15
2364486	2364345	15
2364508	2364309	15
4462997	4462763	15
1094497	1094703	15
1325599	1325578	15
2374825	2374562	15
279695	2289153	15
279749	279695	15
287929	287886	15
1337304	1337267	15
1337306	1337304	15
1337351	1337267	15
1337351	1337304	15
1338255	1338211	15
290709	290662	15
291029	290709	15
291029	290795	15
2391901	2391775	15
1344282	1344267	15
2396538	1111675	15
2396538	2206741	15
2396554	3358609	15
2396581	2396566	15
1348893	1234216	15
1364592	1134074	15
1364592	2289153	15
1364592	2327586	15
1364592	1344267	15
1364740	1364592	15
1364887	1364565	15
1365163	1364887	15
3464055	3463930	15
3464185	3464055	15
3464287	3464247	15
2594574	2289435	15
1373016	3319021	15
3477476	98069	15
3477476	1341078	15
1384631	60517	15
1384942	1384631	15
1384949	1384631	15
1384962	1384631	15
1384962	1384942	15
1385008	1384632	15
1385067	82242	15
1385067	1210630	15
1385067	1384942	15
1385126	2110673	15
1385126	3159674	15
1385126	81894	15
1385126	2228905	15
1385141	1384631	15
2434376	2434082	15
338406	338389	15
341380	2288739	15
341380	2293413	15
3377520	3377499	15
343093	2798649	15
343094	2206741	15
343094	2277215	15
346390	2173343	15
346390	2289052	15
346390	2289153	15
346390	2338737	15
233061	233091	15
1402873	1402742	15
2453904	2453470	15
234832	234761	15
60171	3329280	15
2333028	2173343	15
3731326	1234216	15
1420934	1420829	15
1421062	1420829	15
376254	375143	15
376254	375490	15
376331	375490	15
376331	375887	15
3526597	1210630	15
3526678	3526949	15
3526756	3526678	15
3526891	3526949	15
3527028	2288739	15
3527028	3526756	15
3527028	3526891	15
1430255	3258450	15
2478880	60007	15
2478880	60430	15
2478880	3231728	15
2478880	3357972	15
2478881	81733	15
2479013	2478883	15
2479136	2479013	15
2479182	81777	15
2479182	1132420	15
1433051	3476495	15
1433051	1432908	15
1433078	1433007	15
1433149	1433119	15
2327964	1234216	15
2327964	1210840	15
2327964	2288739	15
2327964	1364592	15
1434729	376254	15
1434729	1434707	15
1434776	1434729	15
3532624	3532379	15
392372	391989	15
3542244	2983301	15
3542244	2214123	15
3542244	2216159	15
3542394	3542338	15
2500212	2121416	15
2500212	2499985	15
3549444	2251584	15
3550046	3550108	15
3550118	3550334	15
3550118	3551006	15
3550196	3550599	15
3550196	3550064	15
3550221	3550971	15
3550221	3550046	15
3550271	3550108	15
3550428	3550156	15
3550546	3550221	15
3550575	3550271	15
3550615	3551006	15
3550615	3550064	15
3550689	3550428	15
3550704	60079	15
3550704	1402873	15
3550704	3550108	15
3550704	3550118	15
3550826	3550156	15
3550849	3550971	15
3550849	3550196	15
3550890	3550575	15
3550890	3550615	15
3550890	3550826	15
3550950	1385067	15
3550950	1385126	15
3550950	3550639	15
3551048	3550271	15
3551048	3550428	15
3551048	3550950	15
405723	406754	15
405723	405639	15
405891	405639	15
406046	405723	15
406108	405887	15
406364	405888	15
406534	405639	15
2505033	2504948	15
3557455	3557782	15
3557615	3557455	15
2509517	2302944	15
416282	416162	15
416282	416205	15
416373	2207003	15
416397	3550890	15
416469	416205	15
416469	416373	15
416506	2121416	15
416506	1245534	15
416506	2296304	15
416506	2396538	15
416506	2396549	15
416530	416373	15
416631	416162	15
416631	416282	15
416685	416162	15
416685	416282	15
1470177	1470142	15
1470316	2214123	15
1470316	1234144	15
1470316	1234288	15
1470316	2293513	15
1470316	1251448	15
1470316	279695	15
1470376	1234288	15
1470376	1237148	15
1470376	1470130	15
1470376	1470276	15
1818505	416506	15
1474463	60445	15
1474463	3358609	15
426026	2158365	15
1475122	416506	15
1475122	1474463	15
427010	426772	15
428996	229005	15
428996	232907	15
428996	1991735	15
429062	1210630	15
429062	2288739	15
429299	429114	15
1480390	2983355	15
1480446	1480404	15
1470195	1470232	15
3579608	3579420	15
3579731	3579420	15
434510	2479182	15
434554	434510	15
3584851	3557475	15
2537040	2536529	15
440201	2288739	15
440584	1234216	15
440584	440220	15
440728	2158365	15
440728	2983301	15
440728	2207003	15
440728	2328234	15
440728	3746622	15
440797	440887	15
440858	440094	15
440858	440584	15
440858	440797	15
443407	443192	15
2543330	2542896	15
449622	2207003	15
449622	3358609	15
1498822	1498407	15
452060	451897	15
452257	451897	15
452449	452060	15
453292	451863	15
453292	452338	15
2550845	2550706	15
2552178	3286475	15
2552178	1810406	15
3603091	2427292	15
1506052	1506023	15
3603260	3603091	15
3603962	449622	15
3604079	1421062	15
2556872	2556664	15
463073	2478881	15
2560337	2560328	15
463289	81777	15
463370	60007	15
463370	60517	15
463370	81777	15
463370	94083	15
463370	60171	15
463370	463342	15
463654	60007	15
463654	463248	15
473066	3231728	15
473066	3291204	15
3620142	2289153	15
3620376	3358609	15
3620376	416506	15
3620757	3357972	15
3620757	3358609	15
3620757	3620746	15
1524479	1524650	15
1524697	376254	15
1524697	1434729	15
1525065	410351	15
1525096	1524697	15
1525176	1524733	15
1525263	1525210	15
1525346	1525032	15
1526441	1526369	15
2575661	2121416	15
2575686	2575661	15
2575920	209255	15
2575999	2575737	15
3626039	2328234	15
3626367	3626144	15
429945	94083	15
430086	94083	15
430086	430072	15
2581021	2580699	15
1532568	3319021	15
1532568	2536529	15
2581177	2581021	15
486565	486540	15
486565	486553	15
2586380	341380	15
2586380	346390	15
2586401	2288739	15
2586401	2289153	15
2586401	440728	15
2586457	2586379	15
1545407	1545392	15
497192	496846	15
2594372	1210840	15
2594372	2288739	15
2594372	270485	15
2594525	2594372	15
2594759	2594372	15
497992	497003	15
2598339	2183102	15
2598339	147219	15
1831504	2338737	15
509252	509046	15
2182050	2183102	15
3655535	3258450	15
3655535	1430255	15
1558563	3357972	15
1558563	3358195	15
1558563	416397	15
1558563	1558542	15
1558667	2206741	15
1558844	2207415	15
1558844	2277215	15
1558844	2289153	15
1558844	1558542	15
1559095	60171	15
1559124	1558667	15
1559353	1210630	15
1559353	343089	15
1559353	3626367	15
3660456	3660160	15
519847	519784	15
519860	519821	15
519975	519935	15
3665992	3665975	15
3667357	1112050	15
3667357	2277502	15
3667357	3357972	15
3667357	338390	15
3667357	2550852	15
1571858	1571696	15
1571858	1571834	15
3669564	3669356	15
2622074	2206741	15
2622074	133319	15
2622074	2289435	15
2622074	2327743	15
2622074	346390	15
2622074	2680194	15
2622074	416373	15
2622074	2586379	15
2622078	2158156	15
2622078	133219	15
2622078	133352	15
2622078	2293513	15
2622184	2158365	15
3672321	2293513	15
3673126	3656645	15
2629210	1132839	15
2629210	147293	15
2636504	329480	15
2639612	329480	15
1595255	1595127	15
1595341	1595185	15
1596853	1596430	15
1596853	1596677	15
1599470	1378568	15
2363794	2364309	15
2363794	497992	15
1599867	1599817	15
1599985	1599922	15
1600012	1599705	15
1600035	1599470	15
1600035	1599725	15
1600035	1599817	15
1600162	1133999	15
1600162	1134105	15
1600162	2327586	15
1600162	1596430	15
1600162	1599985	15
1600492	1600035	15
1600492	1600294	15
1600513	1134105	15
1600614	1599509	15
1600614	1600012	15
1600614	1600392	15
1600674	1599509	15
1600749	1600513	15
1600844	1599781	15
1600866	1600492	15
1600895	1599867	15
1601090	14820	15
1601132	1599817	15
1601132	1599922	15
2652579	2652489	15
555907	3604079	15
1608190	1608133	15
3705477	3705447	15
3705589	3705494	15
3705645	3705447	15
3705699	2974249	15
3705699	94083	15
3705699	2237951	15
3705699	1471610	15
3705699	430086	15
3705800	3705645	15
3705832	3705589	15
3705895	1991735	15
1610469	3614493	15
1610469	515546	15
3711088	1385067	15
3711171	416506	15
3711320	3550704	15
3711320	3711171	15
3711392	3550046	15
3711392	3550950	15
3711392	416373	15
3711392	2575920	15
3711585	3711392	15
2663646	60007	15
2663646	2280538	15
2663646	1385126	15
2663646	3626675	15
2665089	2289153	15
568297	1610469	15
2674798	130879	15
2674798	2247239	15
2674798	3570674	15
2674798	1831504	15
2674798	2674453	15
2542981	2542754	15
2542981	2543081	15
2542981	2542940	15
2675211	2675240	15
3724165	1431848	15
2679695	2679688	15
2680127	133319	15
2680161	2680127	15
3731239	2318555	15
3731283	3218361	15
3731283	2216159	15
3731283	232824	15
3731283	2318555	15
3731283	440728	15
3731319	3731239	15
3731344	2216903	15
3731344	1433051	15
3731344	1480390	15
3731344	3731316	15
3731369	3731283	15
588774	2396549	15
588774	473066	15
588774	588772	15
2691032	3737544	15
2289333	2289387	15
448913	449542	15
1646623	2999319	15
1646623	2277215	15
1646623	2288739	15
1646623	3512232	15
3746688	3746622	15
3746688	3746668	15
3746845	3746622	15
3746845	3746836	15
450139	449622	15
3751464	3751459	15
3753918	3753889	15
3753950	3753918	15
3755222	1524228	15
3755400	2364129	15
3755432	1525065	15
3755453	2209927	15
3755453	2363803	15
3755453	1525065	15
3755453	2363794	15
3755626	3755432	15
3755671	3755432	15
3755720	3755671	15
2709669	2265523	15
1661301	1235945	15
1661301	1239940	15
1661301	1660624	15
451960	451897	15
451960	452060	15
451960	453292	15
615793	3343759	15
615798	615793	15
2715120	2466363	15
2715120	2639612	15
1906062	3319099	15
1677073	1111275	15
1677073	1111675	15
1677073	2206741	15
1677073	3512232	15
1677073	3626039	15
279632	279683	15
2730852	1210630	15
2730852	1599470	15
2730916	1133961	15
2730916	2206741	15
2730916	2386906	15
2730916	2504948	15
2730916	1818505	15
2730916	3620142	15
2730916	2581127	15
2730916	1559353	15
2730916	2622074	15
2730916	1599725	15
2730997	1210840	15
2730997	2730975	15
2731044	1596430	15
2731044	1600513	15
2731081	2730929	15
2731081	2730947	15
2731116	2730929	15
2731116	2730975	15
2731121	2730885	15
2731124	2731022	15
2731131	2731044	15
2731131	2731124	15
2731139	2730852	15
2731147	2731139	15
2731151	2730852	15
2731210	2730885	15
2731210	2731124	15
2731296	1378568	15
2731296	2730877	15
2731296	2731176	15
3251822	3251731	15
3251822	3251977	15
3251822	3252109	15
3251905	3251977	15
1689313	1831504	15
1689944	1689313	15
641618	641442	15
1155514	1155412	15
2740364	2740156	15
649868	3667357	15
649998	649868	15
650011	1077760	15
650011	1610469	15
2748771	2748615	15
2754176	3319021	15
2754176	1532611	15
2731143	2730852	15
1158377	2120002	15
1707928	1707903	15
2756546	1132839	15
2756626	1132839	15
2756716	3286475	15
1710549	1710164	15
1710762	1710427	15
1710903	1710164	15
1710903	1710427	15
663575	3705832	15
664869	2272555	15
2765459	234832	15
2765812	1210630	15
406344	405723	15
2396573	3604079	15
2396573	3705699	15
2768079	425227	15
2768133	555907	15
463475	463073	15
463475	463090	15
685948	1234008	15
685948	3746622	15
685948	1600162	15
685948	663575	15
685948	685814	15
685948	685928	15
685998	1134105	15
685998	2277215	15
685998	2288514	15
685998	2289256	15
685998	1433119	15
685998	1470316	15
685998	1600162	15
685998	2665089	15
685998	685814	15
686140	2216159	15
686140	3731283	15
686203	686070	15
686301	685757	15
686473	686070	15
686474	685948	15
686500	686244	15
686608	686589	15
686683	2289435	15
686683	686203	15
686683	686473	15
686723	1433051	15
686723	685928	15
686792	2216159	15
686792	2594574	15
686792	686500	15
1735600	1735155	15
1735642	2581177	15
1735642	1599470	15
1735642	2730852	15
1735727	1735424	15
1735797	1735600	15
1735797	1735642	15
1736564	1736535	15
1338146	1338134	15
2786698	2228905	15
2786698	2396554	15
2786698	434510	15
2786698	2714145	15
1384775	81777	15
1384775	2478881	15
1524442	1524258	15
1524442	1524733	15
1524442	1525065	15
1524442	1525176	15
2327528	2328234	15
1747797	2594372	15
1748338	1748301	15
2213833	2213803	15
2797877	343061	15
2797877	343093	15
2798044	343089	15
2798112	343089	15
2798112	343091	15
2798112	2798044	15
2798270	343089	15
2798270	343094	15
2798317	2798270	15
2798395	2277403	15
2798395	2280538	15
2798395	2289435	15
2798395	3358609	15
686761	686203	15
2798569	2206741	15
2798569	2798938	15
2798569	2289435	15
2798569	449622	15
2798569	2797877	15
2798670	2798057	15
2798696	343093	15
2798696	2798140	15
2798783	343135	15
2798815	2798140	15
2798815	2798270	15
1689809	1689226	15
2799065	343093	15
2799065	2798395	15
2799226	2798395	15
2799226	2798670	15
2799275	343091	15
2799367	343094	15
2799367	343135	15
2799438	2799065	15
2799438	2799367	15
2799486	2798395	15
2799486	2798569	15
2799486	2798815	15
2799558	343093	15
2799558	2797877	15
2799700	2798973	15
2799795	2798057	15
2799906	2798938	15
2799906	2798140	15
2799906	2798446	15
2799906	2798560	15
2799906	2798771	15
2799906	2798783	15
2799906	2799438	15
2799906	2799497	15
2799906	2799700	15
2799941	343061	15
2799941	2798560	15
2799941	2798696	15
2800102	2799906	15
2800319	343135	15
2800319	2798216	15
2800319	2799275	15
2800319	2799438	15
2800338	343094	15
2800338	2798130	15
2800338	2798569	15
2800338	2799795	15
2800395	2280538	15
2800395	2288739	15
2800395	2328234	15
2800395	343129	15
2800395	686792	15
2800395	2798140	15
2800395	2798270	15
2800460	2798815	15
1341153	1341099	15
707039	81894	15
707039	1364592	15
707039	1385067	15
707039	343094	15
707039	2327964	15
707039	416506	15
707039	2561873	15
707039	1600162	15
707039	2730916	15
707039	685998	15
1341212	1341052	15
2805482	412002	15
1757429	2674798	15
709146	2206741	15
709146	2277215	15
709146	1245534	15
709146	2396554	15
709146	1385067	15
709146	588774	15
709226	3626675	15
709226	2396573	15
709758	2786698	15
709993	588772	15
710096	588774	15
710110	709894	15
710207	710157	15
233176	2289153	15
233176	233061	15
2041007	3506432	15
1525102	1203122	15
1525102	1439423	15
1525102	1525096	15
1525102	496846	15
3550339	3550599	15
3550339	3550221	15
3550339	3550615	15
1764351	2236501	15
1764351	405793	15
1764539	1764351	15
1764614	2236501	15
1764661	1764351	15
1764726	1764584	15
1764795	2236465	15
1764795	1532568	15
1764883	2173343	15
1764883	2289763	15
1764883	2320229	15
1764883	1137310	15
1764942	1764673	15
1764942	1532611	15
1764942	1764488	15
719379	719192	15
2816982	2594372	15
724258	2556872	15
724267	2598339	15
724267	2756546	15
2821614	615793	15
727771	727761	15
727798	2194761	15
727834	727798	15
2825522	2825356	15
2825564	1234216	15
2825564	2509517	15
2825621	2825564	15
2825701	2509517	15
3875993	2542940	15
730716	52640	15
730716	1831504	15
730716	722950	15
730864	730716	15
730897	464723	15
730897	430086	15
730897	2598339	15
1345619	1587014	15
1345655	1345619	15
2833525	724258	15
2833578	2277215	15
2833578	3705494	15
2833842	94083	15
2833842	440201	15
2833842	2598339	15
2834190	2289153	15
2834239	1991735	15
2834239	2834017	15
2834373	2833768	15
2834711	724258	15
2834873	724267	15
2835744	2835751	15
3884990	3884989	15
472990	473066	15
1790612	1790457	15
2396542	2396566	15
2396542	2396578	15
2396542	709146	15
2396563	3147568	15
2396563	1077760	15
2396563	1078212	15
2396563	2157910	15
2396563	2277502	15
2396563	2293513	15
2396563	2396567	15
2396563	2509517	15
2396563	2550845	15
2396563	2586380	15
2396563	448913	15
2845185	3357972	15
2845185	3358195	15
2845185	2396549	15
2845484	1077760	15
2845484	2289153	15
2845484	3357972	15
2845484	2396549	15
2845484	343094	15
2845484	234832	15
2845484	1421062	15
2845484	3626367	15
2845484	3626675	15
2845484	1558563	15
2845484	2798057	15
2845484	2833842	15
2845550	2798395	15
2845550	2396563	15
2845703	1471610	15
2845703	2845082	15
2845753	2207415	15
2845753	2327503	15
2845753	2338737	15
2845753	3705699	15
2845753	2712158	15
2845753	1764883	15
2845962	2845185	15
2845983	3603962	15
2845983	3667357	15
2846163	2845185	15
1348407	2215603	15
1348407	2289435	15
1348407	1349056	15
1800539	2121402	15
1800624	2121708	15
1801078	2121708	15
474955	2396573	15
1801204	1800820	15
1801204	1801078	15
2849934	1111275	15
2849934	2207415	15
2849934	2280538	15
2849934	463370	15
2849934	1384775	15
2849934	2845753	15
825231	3705699	15
1524349	1525346	15
1524349	3755453	15
1524349	1688512	15
1524349	2752428	15
1524406	1524479	15
1524406	1525032	15
1524412	2364309	15
1524521	1525102	15
1524932	1525032	15
1524932	1525346	15
1525036	1525102	15
1525215	1525065	15
1525215	1525210	15
1525215	1525263	15
1350486	3287322	15
1350486	233091	15
1350486	1480390	15
2864517	1234216	15
2864638	1237099	15
1818246	2121402	15
1818246	2327503	15
1818246	1559353	15
1818298	1818246	15
1818346	1818505	15
1818460	60517	15
1818460	2206741	15
1818460	1210840	15
1818460	3550271	15
1818481	2730916	15
3629403	426765	15
1818811	2110673	15
1818811	2157797	15
1818811	81894	15
1818811	1134105	15
1818811	2288739	15
1818811	1384639	15
1818811	416373	15
1818811	3667357	15
1818811	2731044	15
1818811	2731296	15
1818811	1735600	15
1818837	1818246	15
1818843	2277215	15
1818843	2622074	15
1818900	1818493	15
1818925	3550704	15
1818925	416506	15
1818925	1818900	15
1818941	1818246	15
1819016	1819097	15
1819031	1818505	15
1819078	1818334	15
1819087	2478881	15
1819087	707039	15
1819087	1818393	15
1819182	1818393	15
1819197	1818685	15
1819217	1818505	15
1819217	1818843	15
1820650	3287322	15
303603	303456	15
2925440	2639612	15
2925440	2715120	15
1824246	2288739	15
1824246	2289435	15
1824246	1251448	15
1824320	1210630	15
1824320	557025	15
1824320	233091	15
1824320	3620142	15
1824320	3746688	15
1824400	1824375	15
1824407	1089556	15
1824407	2194761	15
1824407	3287322	15
1824407	233091	15
1824407	1431742	15
1824407	1824285	15
2225781	2225187	15
2225781	2730916	15
1831446	2714145	15
1831622	1831358	15
1831839	1832222	15
1832014	1831414	15
1832194	1831504	15
1832194	1832475	15
1832194	1831839	15
1832250	1831358	15
1832411	1831504	15
1832629	1831412	15
1832629	1831839	15
1832629	1832075	15
3098733	2236465	15
1832767	1832222	15
1832767	1831414	15
1832767	1832250	15
1832794	1831548	15
1832794	1832767	15
2053312	1432932	15
2053312	2327964	15
2053312	3731344	15
2053312	686140	15
2053312	2864421	15
3626851	3626144	15
3626851	3626529	15
132441	81777	15
132441	1818811	15
2891849	3626529	15
2891849	3626851	15
1181147	1181194	15
1181147	1181216	15
2894854	1470316	15
2894854	1480390	15
2894854	440728	15
2894854	2864421	15
2894854	2053312	15
2894896	1433051	15
2894896	2864421	15
2894946	2894896	15
2895012	1234288	15
2895012	1433078	15
2895012	1595388	15
2895012	3755432	15
2895061	2895012	15
2895090	1210840	15
2895090	2327653	15
2895090	3010860	15
2895090	2664945	15
2895090	3542428	15
2895090	2594574	15
2895090	1345619	15
2895157	2895061	15
2895157	2895079	15
2895164	2053312	15
2895217	2894938	15
2895236	2894854	15
2895247	3746622	15
2895247	686792	15
2895247	2895079	15
2895266	2157797	15
2895266	1934873	15
2895266	3221475	15
2895266	2327503	15
2895266	2318555	15
2895266	1432908	15
2895266	2864517	15
2895266	1824246	15
2895286	2894896	15
1847575	166378	15
1847575	1847177	15
133258	133352	15
2896842	2897334	15
2898208	3705699	15
2898208	1824246	15
2898259	2898208	15
2898746	2898985	15
2898897	233045	15
2898897	1470376	15
2898897	1480390	15
2898897	3620142	15
2898897	3731283	15
2898897	686792	15
2898897	2880816	15
2898897	2053312	15
2898972	2983355	15
2898972	233410	15
2898972	1470316	15
2898972	3620142	15
2898972	233176	15
2899003	2898746	15
2899003	2898897	15
2899003	2898918	15
2900655	2900607	15
2580752	2581177	15
1856366	3660160	15
1856366	1855946	15
2910209	2816553	15
2910209	1471610	15
2910209	449622	15
2910209	2550778	15
2911660	2911650	15
2911682	2911650	15
2911739	2911650	15
2911773	2911762	15
2919769	3604079	15
2919769	2663646	15
823943	2277215	15
823943	3512326	15
823943	449622	15
823943	724267	15
823943	474955	15
824358	1471610	15
824358	2396573	15
826045	2396573	15
2923596	1678210	15
2923964	564277	15
826821	2288739	15
826821	2849934	15
1881798	1764883	15
1881898	2320229	15
1881898	1764351	15
2931368	2293513	15
2931368	2731296	15
2931368	2931346	15
2236308	2214123	15
2236308	2236414	15
2236308	3319021	15
2236308	2320358	15
2236308	232026	15
2236308	3705699	15
2236511	2236250	15
2236511	2236264	15
1885477	2237951	15
1885477	2289153	15
1885477	1824320	15
1885567	1885450	15
1885715	1885450	15
1887358	1887349	15
1887750	1887426	15
1891244	1891157	15
1891244	1891165	15
1891314	2319538	15
2942339	2228906	15
1364453	1364806	15
2945907	2251781	15
2946129	2821416	15
1365121	1364565	15
1365121	1365163	15
2949056	440728	15
852660	2333171	15
852660	3705699	15
852750	1885477	15
852801	852750	15
852818	852660	15
1905785	1764883	15
1905785	2236308	15
1530061	2636504	15
1909941	724267	15
2958534	2845484	15
2158576	2158908	15
2958782	2396569	15
2958782	2396579	15
1913697	2121416	15
1913697	1474463	15
1913697	2396563	15
1913977	1913697	15
866397	2833649	15
866397	2598339	15
866397	3705832	15
866397	2942222	15
866850	2157797	15
866850	3286475	15
866850	147219	15
866850	166378	15
866850	3358609	15
866850	3667357	15
866850	686792	15
866850	2800395	15
866850	866503	15
867148	866799	15
867284	866503	15
867284	866799	15
867369	866397	15
867369	867231	15
867525	94083	15
867800	867231	15
868012	867800	15
868181	2833842	15
868216	1764883	15
868360	867800	15
868552	867369	15
868597	868012	15
868625	866987	15
868625	868552	15
870409	2786698	15
1920461	3256299	15
2969126	1885477	15
2969151	2969126	15
2969342	356279	15
3799989	852750	15
1925263	2754176	15
2974385	346390	15
2974385	2833578	15
2974385	2834190	15
2974385	866850	15
2974385	2974308	15
2974543	3705699	15
2974543	2974308	15
2974543	2974364	15
2974809	2833649	15
2974871	1991735	15
2974871	2833842	15
2974871	1909512	15
1929057	1929020	15
1931213	1931021	15
2981343	2679695	15
2981343	2679698	15
2983231	2983211	15
2983231	440728	15
2983282	2279390	15
2983282	232907	15
2983282	440728	15
2983282	2586380	15
2983282	685948	15
2983282	1824320	15
2983282	2894896	15
2983282	2983151	15
2983345	1234216	15
2983358	2983282	15
1934919	1934889	15
1934925	1934873	15
1934981	1934889	15
1935152	2288739	15
1935152	2895266	15
1935225	2214123	15
1935225	2215755	15
1935225	2279390	15
1935225	686792	15
1935225	2396563	15
1935225	1935131	15
1935432	1935152	15
1935491	1936005	15
1935491	2216159	15
1935491	2894896	15
1935491	1934949	15
2984208	2215603	15
2984208	2216159	15
1935640	1935662	15
1935670	2983355	15
1935670	2215755	15
1935670	2288514	15
1935670	440201	15
1935670	1601090	15
1935670	1764883	15
1935670	2396563	15
1935670	2898972	15
1935714	1935662	15
1935714	2207003	15
1935714	1210630	15
1935714	1348407	15
1935714	1935131	15
1935714	1935589	15
1935760	1935491	15
1935760	1935640	15
1935792	14820	15
1935792	1210840	15
1935792	2279390	15
1935792	229005	15
1935792	279695	15
1935792	1480390	15
1935792	440584	15
1935792	2594372	15
1935792	3705699	15
1935792	686140	15
1935792	686589	15
1935792	2895164	15
1935792	2898897	15
1935792	2983282	15
2594553	686792	15
1935981	1935714	15
497706	497192	15
497803	496904	15
891624	891494	15
2988812	2195091	15
2988812	1202163	15
2988812	2988740	15
2595336	2731124	15
2595336	2731210	15
1942814	14820	15
1942814	1157883	15
1942814	1364592	15
1942857	1942732	15
2991526	2895012	15
1942971	1942732	15
2991548	3156449	15
2991548	1524697	15
2991548	1595388	15
2991548	1764883	15
2991548	1824246	15
2991548	2898897	15
1942981	1942814	15
1943012	1942971	15
2994792	2786698	15
2996295	3705699	15
2020200	2214123	15
2020200	2289435	15
2020200	60171	15
2020200	3620142	15
2020200	2680127	15
2020200	2731296	15
2020200	1818811	15
2020200	1935225	15
2020200	1935792	15
900621	1824246	15
2997886	2997877	15
2999390	2999319	15
2999496	2999319	15
3000438	3221475	15
3000438	2215603	15
3000438	440201	15
3000438	2594372	15
3000438	724267	15
3000438	2833578	15
3000438	2834239	15
3000438	1824407	15
3000508	2289153	15
906355	907494	15
906355	1385067	15
906355	3550271	15
906355	416373	15
906355	3711088	15
907141	1913697	15
908614	908567	15
908647	1111675	15
908647	3358609	15
908668	1112182	15
908668	2206741	15
908668	3358609	15
908668	2478881	15
908668	416506	15
908668	866850	15
908859	2328234	15
908859	2396538	15
908859	3512232	15
908859	707039	15
908859	2942161	15
908859	908813	15
3007297	2214123	15
3007297	3287322	15
3007297	1470316	15
3007297	3731344	15
3007297	2731296	15
3007297	685998	15
3007297	3000438	15
3007608	3007450	15
3008011	1111675	15
3008011	2289153	15
3008011	60171	15
3008011	3626039	15
3008011	1676876	15
3008011	1677073	15
3008011	2786698	15
3008011	2845185	15
3008442	3008011	15
3008654	448913	15
3008654	2798395	15
3008654	2849934	15
3008654	2910209	15
3008654	3008442	15
3009129	2396563	15
3009129	3008057	15
3010854	3010860	15
1963113	109032	15
3012448	3012434	15
917972	1599470	15
917972	1818460	15
3015382	517368	15
3015382	2768079	15
3015382	2786698	15
1966809	3227183	15
3016308	3319099	15
3016308	3016032	15
1969843	3358609	15
1881260	1881602	15
1881260	1881798	15
3020565	3020514	15
3020582	3020514	15
2265481	3705699	15
2251997	2252087	15
3026846	1600513	15
3026916	3026846	15
3522706	3603091	15
2610162	2610722	15
1992235	866850	15
1999712	440728	15
1999826	1999809	15
1428517	3258450	15
3009152	709146	15
2009098	1133900	15
2009284	2748615	15
2009284	2009159	15
2009497	1134046	15
2009634	2009223	15
2009634	2009311	15
2009758	2009575	15
2009764	2009497	15
2009773	2009098	15
2009857	1133999	15
2009857	2009311	15
1558882	2277215	15
1558882	2288739	15
1558882	2396554	15
1558882	1558629	15
1558882	709146	15
1558882	3008654	15
1558985	1559353	15
1559160	2158365	15
1559160	2277089	15
1559160	279695	15
1559160	343093	15
1559160	3550890	15
1559160	449796	15
1559160	2550852	15
1559160	3603091	15
1559160	3603962	15
1559160	473066	15
1559160	588774	15
1559160	685948	15
1559160	685998	15
1559160	2798569	15
1559160	2053312	15
1559160	2910209	15
1559160	866850	15
1559160	908647	15
1559160	3008057	15
1559160	1969843	15
2015019	1856366	15
2015019	2014972	15
1559323	1559353	15
1559323	1558882	15
2016284	2288739	15
2016284	2289435	15
2016284	2730916	15
2016613	2016809	15
2016725	2016109	15
2016725	2016346	15
2016869	2016613	15
2016899	2016725	15
2016956	2016879	15
2016956	2016932	15
2017306	2017131	15
2017340	2016332	15
2017340	2016571	15
1384967	2208709	15
1384967	463073	15
1384967	463654	15
2019741	60007	15
2019741	2216068	15
2019741	233091	15
2019741	1364592	15
2019741	2586379	15
2019741	1559353	15
2019741	2730997	15
2019741	1735600	15
2019741	1345619	15
2019741	2833578	15
2019741	2845703	15
2019741	2849934	15
2019741	3007297	15
686184	686792	15
2020026	2158156	15
2020026	2288739	15
2020026	2019702	15
2020026	2019857	15
2020112	2158365	15
2020466	2020242	15
2020524	2020112	15
2020524	2020466	15
2020580	2328234	15
2020580	2396563	15
2020641	2019857	15
2020836	2277403	15
2020836	81777	15
2020836	81894	15
2020836	1133900	15
2020836	133352	15
2020836	2293380	15
2020836	2293413	15
2020836	2301617	15
2020836	233045	15
2020836	1364511	15
2020836	341380	15
2020836	234832	15
2020836	3550704	15
2020836	2553843	15
2020836	3626675	15
2020836	2586512	15
2020836	1558563	15
2020836	2714145	15
2020836	3731283	15
2020836	2833842	15
2020836	1348407	15
2020836	132441	15
2020836	1942814	15
2020836	1999809	15
2020836	2020184	15
2020964	2019702	15
2020985	2019857	15
2020985	2020898	15
2021004	2020184	15
2021134	2020200	15
2021175	2020641	15
686728	1934873	15
686728	1237099	15
686728	2289368	15
686728	3584851	15
686728	2730916	15
686728	686327	15
686728	1824246	15
686728	2895247	15
686728	2898972	15
686728	964439	15
686775	686244	15
3073047	219980	15
3073075	3884978	15
3073124	3073075	15
3073131	219980	15
3073131	3884978	15
3073147	3073131	15
3073176	2730916	15
3073176	2016284	15
3073239	3073124	15
3073270	3073172	15
3073270	2730916	15
3073270	3073124	15
2026816	2026996	15
2026816	1992563	15
3080640	1132839	15
3080640	1212835	15
2034668	2034557	15
3089687	2715120	15
2041954	2041945	15
2042108	2042260	15
3090854	2715120	15
3091555	2288739	15
3091555	1433051	15
3091555	1935792	15
166231	166299	15
3487281	3487268	15
3098546	3098733	15
3098834	2236465	15
3098834	3098580	15
3098920	3098834	15
2053199	2288739	15
2053199	685948	15
2053199	2053681	15
2053199	3000438	15
2053533	2288739	15
2053533	440728	15
2053533	2053681	15
2053720	2053199	15
2053791	685948	15
2053815	2053681	15
2053815	2053791	15
2053923	2157910	15
2053923	2216903	15
2053923	1210465	15
2053923	2277215	15
2053923	233410	15
2053923	3476495	15
2053923	343089	15
2053923	707035	15
2053923	2845185	15
2053923	1818811	15
2053923	1824407	15
2053923	2019550	15
2053923	2020641	15
2053923	2021004	15
2053923	3091134	15
2053923	2053306	15
343088	2396554	15
343088	3667357	15
343088	2798216	15
343088	2798317	15
343088	2798446	15
343088	2799226	15
343088	2799507	15
343097	343061	15
343097	2797877	15
343097	2799497	15
343097	2800460	15
343097	2845484	15
343116	2797877	15
343116	2798112	15
343116	2798446	15
343116	2799438	15
343116	2799558	15
867495	867369	15
867495	868181	15
867495	868838	15
518049	1991735	15
518049	2598339	15
2061535	2931368	15
2061537	426765	15
519859	519860	15
519915	519935	15
2074819	2756626	15
3125740	1433051	15
3125740	2895266	15
3126295	3886420	15
3126398	2207003	15
3126398	2800395	15
3126398	686728	15
3126573	3125740	15
3126660	2396563	15
3126660	3125921	15
3126868	685948	15
3126868	3125828	15
3126985	1112050	15
3126985	2328234	15
3126985	3705699	15
3126985	686140	15
3126985	686792	15
3126985	2786698	15
3126985	2895266	15
3126985	686728	15
1030870	2756626	15
3129148	416506	15
2082208	2082094	15
2083730	2083447	15
1035690	1035650	15
1035704	1035650	15
1035719	1035657	15
3133585	3133383	15
1480363	1480494	15
1039123	3705699	15
1039250	229005	15
1039250	1039244	15
3138074	615793	15
3141937	2236465	15
349322	215297	15
349322	2356736	15
349322	349331	15
349322	3655535	15
