3159883	3159836	14
3159977	3159836	14
15029	14709	14
15029	14734	14
15029	14961	14
3168726	3168695	14
23558	23323	14
2121373	2121358	14
2121402	2121358	14
2121460	2121358	14
2121511	2121373	14
2121555	2121402	14
2121555	2121437	14
1077231	1076922	14
1078212	1077231	14
2127113	2127080	14
2127308	14961	14
2127308	2127080	14
1085936	1085179	14
1089515	2133874	14
42742	42737	14
1094798	1094703	14
52678	52640	14
52712	52640	14
52800	52640	14
52828	52618	14
52828	52678	14
1101452	1101393	14
52948	52640	14
52948	52842	14
52996	52842	14
52996	52948	14
1104318	1104101	14
1104501	1104318	14
60007	3159674	14
60163	60150	14
60167	60079	14
60365	60251	14
60445	3159836	14
60497	60007	14
2158156	2158016	14
2158305	2158156	14
2158365	2158305	14
2158673	2157797	14
2158673	2158052	14
2158673	2158365	14
2158831	2158393	14
1111275	3161015	14
2163390	2163378	14
71486	71355	14
3218361	1234216	14
74350	74343	14
74403	74094	14
3221327	3221313	14
3221475	3221313	14
3221680	3221475	14
81894	81655	14
81894	81663	14
81932	81894	14
81939	81733	14
1132839	1132420	14
1132839	1132720	14
3230575	3230497	14
2182462	1132839	14
1134148	1134046	14
1134199	1133961	14
1134222	1134021	14
1134222	1134051	14
1134222	1134148	14
1134237	1134148	14
3231772	81894	14
3231772	1132420	14
1144914	1144801	14
2194761	1089515	14
2195091	2133915	14
2195091	2195044	14
2195248	2194761	14
2195248	2195091	14
99100	98574	14
99132	98077	14
2289519	2288643	14
3251692	3251502	14
3251731	3251704	14
3252054	1133900	14
3252109	3251890	14
109264	109004	14
2206741	1111675	14
2206741	1234216	14
2206741	2206334	14
2206768	2206741	14
2207003	60007	14
2207030	2206451	14
2207280	2207030	14
2207452	2206451	14
2207452	2206898	14
2207871	2207030	14
2208222	2206741	14
2208580	2206813	14
2208580	2207030	14
3257212	3256299	14
2208862	2207085	14
2208935	2207128	14
2209058	2207030	14
2209058	2207871	14
2215755	2215420	14
2215999	2215420	14
2216068	14961	14
2216159	2214123	14
2216278	2216159	14
1175106	1175019	14
3286475	1132839	14
2228905	2207106	14
2228905	2207415	14
1181194	1181167	14
1181216	1181194	14
1181253	1181167	14
1181253	1181194	14
1181285	1181216	14
133097	2157910	14
133097	2158156	14
133219	2157910	14
133231	133219	14
133231	133225	14
133265	133144	14
133319	133144	14
2236362	2236356	14
2236405	2236398	14
2236425	2236264	14
2236431	2236336	14
2236523	2236277	14
2236532	2236362	14
2236532	2236497	14
2236563	2236336	14
2236563	2236532	14
1188584	1188487	14
3291267	2206741	14
2121502	2121684	14
1197210	1197156	14
1201368	1201347	14
1202167	1202163	14
1202191	1202167	14
1202191	1202179	14
2251584	3161015	14
2252118	2251955	14
161694	161691	14
1210630	3221475	14
1210630	2215603	14
1210630	1210612	14
1210715	1210630	14
1210840	1133900	14
1210931	1210759	14
1210931	1210783	14
1210961	1210465	14
1210961	1210630	14
1212835	2188007	14
166132	166104	14
166348	166202	14
166378	166104	14
166424	166299	14
166468	166104	14
166519	166202	14
166551	166424	14
1226896	1132839	14
2277083	94083	14
2277089	2206741	14
2277215	81733	14
2277215	94083	14
2277215	1197530	14
2277314	2277083	14
2277502	2277174	14
2277520	2277174	14
2277520	2277314	14
1229585	3227183	14
1229695	1229474	14
2278823	2277215	14
2279218	1210840	14
2279218	2279191	14
2279338	2279091	14
2279624	2277502	14
2280508	2277083	14
2280606	2277215	14
1234008	1233997	14
1234025	1234216	14
1234093	1233997	14
1234132	1233997	14
1234253	1234093	14
1234288	1234121	14
1234305	1234093	14
2288464	2289889	14
2288608	2289889	14
2288739	2983355	14
2288739	2208709	14
2288866	2236465	14
2288883	2206741	14
2288883	2288820	14
2288908	2288883	14
2288916	2288866	14
2288989	2288668	14
2288996	2289889	14
2289010	2288471	14
2289010	2288608	14
2289141	2288703	14
2289141	2289073	14
2289153	351100	14
2289153	2157797	14
2289153	2207106	14
2289153	2207128	14
2289153	2213776	14
2289153	2288649	14
2289153	2288668	14
2289168	2288703	14
2289168	2288514	14
2289168	2288866	14
2289168	2289073	14
2289188	2288503	14
2289188	2288996	14
2289188	2289141	14
2289200	2288608	14
2289200	2288916	14
2289200	2289073	14
2289200	2289188	14
2289256	2288908	14
2289256	2289168	14
2289297	2288464	14
2289297	2289083	14
2289297	2289168	14
2289297	2289188	14
2289297	2289256	14
2289323	2288866	14
2289323	2288883	14
2289323	2289168	14
2289355	2288866	14
2289355	2289141	14
2289355	2289256	14
2289368	2289803	14
2289368	2289083	14
2289387	2236523	14
2289387	2289141	14
2289416	2289889	14
2289435	2215999	14
2289435	3287322	14
2289435	2288916	14
2289459	2289889	14
2289459	2289010	14
2289459	2289052	14
2289459	2289256	14
2289459	2289355	14
2289627	3287322	14
2289763	2289297	14
2289793	2288820	14
2289793	2289387	14
2289817	2288464	14
2289817	2289073	14
2289817	2289188	14
2289817	2289355	14
2289817	2289387	14
2289817	2289793	14
2289846	2289889	14
2289846	2288608	14
2289846	2288866	14
2289846	2289793	14
2289868	2288608	14
2289868	2288830	14
2289868	2288866	14
2289868	2289073	14
2289868	2289141	14
2289868	2289846	14
2289944	2289168	14
2289961	2289519	14
2290031	2289141	14
2290031	2289368	14
2290038	2288514	14
2290038	2289073	14
2290038	2289627	14
2290038	2289817	14
194439	194577	14
2293380	2293672	14
2293413	2293672	14
2293513	2123672	14
2293513	133219	14
2293513	3287322	14
2293648	2293413	14
2293706	2293672	14
2293706	2293631	14
3343960	3342875	14
3343997	3343596	14
2296411	2296304	14
3349868	3349769	14
2301705	2301529	14
2301983	2301650	14
2302051	2301875	14
2302051	2302021	14
2302135	2301617	14
2302135	2301960	14
2302144	2301617	14
2302177	2301650	14
2302177	2301850	14
2303250	2302577	14
209255	209210	14
209255	209222	14
3357972	1111675	14
3357972	81894	14
3357972	2296304	14
3358195	3159836	14
3358195	60445	14
3358516	3358195	14
3358609	81733	14
3358609	2207128	14
3358609	132474	14
3361424	3361312	14
3361424	3361319	14
215907	2272555	14
3362185	3361981	14
219980	219880	14
220009	219880	14
220080	219880	14
220080	219980	14
220124	220080	14
2318589	1234216	14
2320105	2320071	14
2320229	98069	14
2320264	2319856	14
2320264	2320071	14
2320358	2236465	14
2833649	94083	14
228920	228904	14
1277828	1277718	14
1277836	1277788	14
2327503	18944	14
2327503	1234216	14
2327503	1210465	14
2327503	3358609	14
2328067	2207003	14
2328067	2208709	14
2328117	1210840	14
2328234	2158156	14
2328234	1234216	14
2328234	2277215	14
2328234	3337478	14
2328234	2289153	14
2328234	2289368	14
233045	1234216	14
233045	2289153	14
233045	233026	14
233091	3156449	14
233091	1210630	14
233091	1234008	14
233316	232907	14
233336	1234216	14
233336	233202	14
1281976	1112182	14
233410	2983301	14
233410	1234008	14
235128	234557	14
2333132	2333061	14
2338737	2157797	14
2338737	2293513	14
3012626	3012493	14
2358843	1132839	14
2363667	2363571	14
2364486	2364309	14
2371861	2371675	14
1094497	1094798	14
2374781	2374461	14
2374781	2374562	14
279642	2157910	14
279683	279642	14
279695	2157797	14
279695	1234216	14
279695	2327503	14
3542428	233091	14
3542428	3542356	14
1334453	2289153	14
1337317	1337309	14
1337351	1337339	14
1337357	1337301	14
1338134	1338111	14
1338244	1338234	14
290887	290677	14
290898	290875	14
291029	290875	14
1340108	3358609	14
2394557	2394462	14
298523	94083	14
2396538	2288739	14
2396549	1111275	14
2396552	2396549	14
2396579	2396566	14
1348893	2289153	14
1351914	1216781	14
315383	315361	14
315415	315361	14
1364511	1210840	14
1364592	81894	14
1364592	1133999	14
1364592	2288739	14
1364592	2328234	14
1365163	1365034	14
3463930	3463689	14
3463930	3463811	14
3464185	3463813	14
3464185	3463905	14
2594574	2288739	14
2594574	2289368	14
1372606	2195091	14
3470302	3470275	14
229035	1234216	14
229035	2237951	14
2424466	2424463	14
329539	329514	14
329643	329551	14
3477476	2236369	14
3477476	2289153	14
3551006	3550971	14
1384631	3159836	14
1384639	81894	14
1384639	2328234	14
1384817	1384641	14
1385067	3159674	14
1385067	3231772	14
1385067	2277502	14
1385126	2279390	14
1385126	1384864	14
1385141	1384639	14
1385141	1384641	14
1385141	1385008	14
338390	2277215	14
341380	2158156	14
341380	2213925	14
341380	2214123	14
341380	341059	14
343089	2206741	14
343089	2289153	14
343089	2396549	14
343089	343061	14
343091	343035	14
343093	343091	14
343094	2338737	14
343129	343035	14
346390	2214123	14
346390	2288739	14
346390	346114	14
346702	346390	14
2443934	2100961	14
2444366	2444004	14
348368	3377499	14
233061	233410	14
356279	2444366	14
234832	2100961	14
60171	60453	14
60171	60497	14
60171	2207415	14
60171	3357943	14
3511455	3511451	14
2333028	2333061	14
2333028	1175068	14
2466363	329480	14
1421132	1421090	14
3557484	3557475	14
375335	375122	14
3522692	3522698	14
3526597	1210840	14
3526597	3526870	14
3526597	3526949	14
3526597	2327503	14
3526837	3526672	14
3526891	3526597	14
1430273	3258450	14
2478880	3358195	14
2478880	1385067	14
2478881	3357972	14
2478881	1385126	14
2478888	2478881	14
2479013	2478888	14
2479027	2478878	14
2479136	2478843	14
2479182	3231772	14
2479182	2227358	14
2479182	1384631	14
2479182	1385067	14
2479182	60171	14
2479182	2478843	14
2479288	2478888	14
2479288	2479013	14
1431742	3343493	14
1433003	1432932	14
1433051	1432848	14
1433078	1432889	14
1433078	1433051	14
1433093	1432932	14
1433119	1432908	14
1433179	1432932	14
1433179	1433051	14
1433179	1433119	14
1434729	2364309	14
3542244	2215603	14
2493844	2493705	14
3542475	3542428	14
3542475	3542394	14
397838	397775	14
399151	1074703	14
399151	1077093	14
2500212	2121684	14
2500212	2500208	14
2500212	2293513	14
2500324	2500212	14
3550064	2110673	14
3550064	3550971	14
3550064	3550108	14
3550118	3550046	14
3550129	3550334	14
3550250	3550118	14
3550395	3551006	14
3550566	3550221	14
3550575	3550156	14
3550575	3550428	14
3550615	3550599	14
3550639	3550046	14
3550689	3550064	14
3550704	2121708	14
3550704	60430	14
3550704	3358195	14
3550704	3550615	14
3550890	2277215	14
3550890	3550034	14
3550890	3550422	14
3550950	60517	14
3550950	3550108	14
3550950	3550118	14
3550950	3550575	14
3550950	3550826	14
3551020	3550950	14
405793	406754	14
405888	406754	14
405893	405888	14
406046	405888	14
406133	405887	14
406133	405888	14
406133	405891	14
406364	406754	14
406534	405891	14
2505027	2504948	14
2505033	2505027	14
410251	1434729	14
410351	1434729	14
410500	1269259	14
2509636	2509593	14
2509652	2509517	14
2509674	2509652	14
1464609	1132839	14
1991735	1234216	14
1991735	2183102	14
416373	2121708	14
416373	60163	14
416373	2207415	14
416373	3357972	14
416397	60007	14
416397	2206741	14
416506	3147568	14
416506	60251	14
416506	2157910	14
416506	2207106	14
416506	1210840	14
416506	3357886	14
416506	2328234	14
416506	2396554	14
416506	1384632	14
416506	3512232	14
416506	2478881	14
416506	416469	14
416685	416205	14
416685	416631	14
1470270	1470177	14
1470376	2289153	14
2213803	2213776	14
1471610	3358609	14
3569590	3569580	14
3569702	3569580	14
3569708	3569590	14
425227	2251584	14
425227	329480	14
1818505	3550704	14
1818505	416373	14
3550294	3550971	14
3550294	3550046	14
3550294	3550064	14
3550294	3550271	14
1474463	60430	14
1474463	60171	14
1474463	416373	14
426765	1364592	14
426862	426765	14
427161	426765	14
427242	426862	14
427242	426953	14
428746	428698	14
428996	429217	14
428996	1470316	14
429062	2983301	14
429062	233336	14
429299	1234216	14
1480390	3010860	14
1480494	1480404	14
1480497	1480404	14
1480497	1480494	14
1470348	1470316	14
3579420	3579394	14
3579813	3579608	14
3584851	3575014	14
2536529	2236465	14
440584	2289153	14
440728	2158156	14
440728	3221327	14
440728	2207415	14
440728	1166151	14
440728	2216159	14
440728	2288883	14
440728	1364592	14
440797	440728	14
440858	440201	14
1494055	1493886	14
2542896	2542754	14
449622	2277215	14
449622	2289153	14
449622	2396549	14
449622	343089	14
449622	234832	14
449796	448527	14
449796	449542	14
449796	449569	14
1498942	1498822	14
2548961	2548956	14
452257	451863	14
452338	451897	14
452449	452338	14
453292	452449	14
2550852	2277215	14
3603091	2206741	14
3603091	3287322	14
3603091	2288739	14
3603091	3349769	14
3603274	3603091	14
3603962	1421062	14
2556872	2556650	14
462916	462844	14
462940	462815	14
463073	81894	14
463073	2478880	14
463103	463090	14
2560337	2560311	14
463248	463103	14
463289	81894	14
463370	81894	14
463370	3231728	14
463588	1385067	14
473066	3357972	14
473066	463370	14
3620142	1385067	14
1523214	1523103	14
3620376	1111275	14
3620746	3620376	14
3620757	2206741	14
3620757	3620521	14
1524228	1434729	14
3621429	3620142	14
1524697	410351	14
1524733	1524258	14
1524840	1524228	14
1524840	1524258	14
1524840	1524733	14
1525032	1524650	14
1525032	1524479	14
1525065	410251	14
1525176	1524346	14
1525242	1525065	14
1525438	1524992	14
1525542	1525525	14
2575920	2575686	14
2575920	2575737	14
2575942	2575737	14
2573007	1074703	14
3626039	3603962	14
3626367	60171	14
2580948	2580693	14
2580961	2580699	14
2581021	2580673	14
2581021	2580794	14
2581028	2580948	14
2581099	2580699	14
2581127	2580878	14
1532568	2236501	14
1532568	2319856	14
1532568	2320358	14
2581177	2580905	14
2581177	2581028	14
1533855	1533767	14
1534087	1534015	14
2584929	2584927	14
488183	1229585	14
2586379	2207003	14
2586380	2157910	14
2586380	1234216	14
2586380	2207003	14
2586380	2215603	14
2586380	2289368	14
2586441	2586380	14
2586457	2586380	14
2586510	2157797	14
2587867	2236465	14
1539775	1539756	14
1539870	1539775	14
2591444	2591413	14
1545413	1545392	14
496846	497648	14
497003	496846	14
2594372	14820	14
2594372	1210465	14
2594372	2318555	14
497233	497073	14
2594404	2594574	14
497342	497192	14
497392	1439423	14
497392	497233	14
497992	1524697	14
2598339	3286482	14
2598339	2260620	14
2598339	430086	14
3648058	425227	14
1831504	2247239	14
1831504	2288739	14
1831504	234832	14
1831504	463370	14
3650127	1430255	14
505708	505643	14
2880888	1234216	14
2880888	428996	14
509313	509276	14
3655535	1238872	14
1558563	2208709	14
1558733	1558563	14
1558844	2208709	14
1558844	60171	14
1559078	1558844	14
1559095	3358609	14
1559191	2207003	14
1559353	2396538	14
1134067	1134074	14
2610471	2610281	14
2610722	2610471	14
2042272	2042260	14
3660515	3660456	14
331455	331594	14
519935	1133900	14
519971	519821	14
519971	519906	14
519997	519935	14
3665992	3666403	14
1569545	1569516	14
3667357	81777	14
3667357	416506	14
3667357	3626367	14
3667768	3667357	14
1571680	1571618	14
1571707	1571618	14
1571858	1571618	14
1571858	1571680	14
3669771	3669692	14
2622074	3221705	14
2622074	1210465	14
2622074	2618202	14
2622184	133265	14
3672178	3672132	14
3672321	2236465	14
3672321	3287322	14
3672777	3672321	14
528811	528736	14
533674	533582	14
535644	535490	14
2634556	2634499	14
2636504	425227	14
2639612	306237	14
544010	2214123	14
544049	543990	14
1595341	166378	14
1595388	1595341	14
1596430	1210840	14
1596677	1596445	14
1596727	1596445	14
2646218	2646118	14
1599470	1596853	14
1599725	1133999	14
2363794	1524697	14
1599867	1599470	14
1599985	1599817	14
3697203	3603091	14
1600294	2127134	14
1600392	1599705	14
1600439	1600162	14
1600492	1599470	14
1600513	1599867	14
1600513	1600035	14
1600513	1600492	14
1600674	1599781	14
1600674	1600294	14
1600674	1600392	14
1600749	1599781	14
1600749	1599922	14
1600844	1599705	14
1600866	1599725	14
1601090	2288739	14
1601132	1600513	14
2364368	2364555	14
2652579	2651610	14
2714145	3358609	14
2714145	352299	14
2654000	2653978	14
2654000	2653980	14
2654045	2653980	14
2654045	2654000	14
3703974	1132420	14
3705494	1991735	14
3705494	3705354	14
3705494	3705440	14
3705699	2207003	14
3705699	2215603	14
3705699	2328234	14
3705699	1282190	14
3705699	2396549	14
3705699	416506	14
3705699	1480390	14
3705699	3603091	14
3705699	3667357	14
3705699	3672865	14
3705800	3705354	14
1610382	3614307	14
1610469	1076925	14
1610469	1077760	14
1610469	449622	14
563670	2289153	14
563670	2561873	14
3711088	1402873	14
3711088	3550064	14
3711088	416373	14
3711392	3550271	14
3711392	3711373	14
3711538	3711392	14
3711585	3711320	14
2663646	3161015	14
2663646	1300794	14
2665247	2664945	14
2542940	2542896	14
2674798	3705699	14
2542981	2288739	14
2542981	2543330	14
3726000	3725644	14
2679710	2679694	14
2679960	3361981	14
2679960	2581021	14
3221422	3221705	14
2680101	2279390	14
2680101	2680172	14
2680127	133265	14
2680127	2680047	14
1632721	1632617	14
3731239	2983355	14
3731239	1234008	14
3731239	1480390	14
3731283	2214123	14
3731283	1480390	14
3731283	3620142	14
3731283	3705699	14
3731309	1234216	14
3731316	3731283	14
3731316	3731309	14
3731344	2983355	14
3731344	2215603	14
3731344	2215999	14
3731344	1234008	14
3731344	233045	14
3731344	233410	14
3731344	1470316	14
3731344	429062	14
588774	709894	14
588774	2251584	14
588774	3603962	14
3737544	60007	14
3737544	3358609	14
3737544	3703974	14
3737594	1212835	14
3737594	3667357	14
2289333	2288643	14
2289333	2288668	14
2289333	2288908	14
2289333	2289073	14
2289333	2289188	14
2289333	2289627	14
2289333	2289793	14
2289333	2289944	14
2289333	4461351	14
1643148	1229474	14
1643148	1230179	14
1643148	3667357	14
1643825	1643148	14
1846898	2195091	14
448913	343089	14
1646623	3705699	14
1646983	1646623	14
2695986	2695529	14
3746668	3731239	14
3746668	3731344	14
3746957	1234216	14
3746989	3746688	14
3746989	3746957	14
3750675	3705699	14
3750675	3750580	14
3751464	3751453	14
2897334	1471594	14
3755432	497992	14
3755453	497992	14
3755626	3755453	14
1661301	1237702	14
1661301	319005	14
3759728	2301983	14
3759728	2302021	14
451960	452338	14
615793	1155027	14
615793	1166319	14
2715120	1316188	14
1906062	98069	14
3766729	232026	14
626095	626056	14
1676876	1111275	14
1676876	82242	14
1676876	142852	14
1676876	2338737	14
1676876	3620376	14
1676876	505643	14
1677073	1112050	14
1677073	3329280	14
1677073	1245534	14
1677073	2669974	14
279632	2288739	14
279632	2289153	14
279632	2293513	14
279632	279647	14
1678210	1534782	14
2730916	2158156	14
2730916	133352	14
2730916	2277215	14
2730916	2293413	14
2730916	2301617	14
2730916	3361981	14
2730916	1364511	14
2730916	1364806	14
2730916	2505033	14
2730916	2575920	14
2730916	2580905	14
2730916	1596727	14
2730916	1599705	14
2730916	1600895	14
2730916	2654000	14
2730916	2654109	14
2730984	2730852	14
2731008	2730916	14
2731022	2730885	14
2731044	1133999	14
2731044	1210465	14
2731044	2327503	14
2731044	2581177	14
2731044	1599922	14
2731044	1600162	14
2731044	2731022	14
2731081	2730885	14
2731081	2730975	14
2731081	2731044	14
2731089	2731044	14
2731131	2730852	14
2731131	2730885	14
2731139	2730862	14
2731139	2730929	14
2731139	2731124	14
2731147	2730916	14
2731147	2731044	14
2731151	2730947	14
2731151	2731121	14
2731166	2731121	14
2731176	2730885	14
2731210	2730862	14
2731210	2730947	14
2731210	2731194	14
2731296	2293413	14
2731296	2328234	14
2731296	1378455	14
2731296	3550704	14
2731296	416373	14
2731296	1600162	14
2731296	2731219	14
635454	3737594	14
3251822	3251692	14
3251822	3251839	14
3251905	3251822	14
3252038	3251822	14
1689335	1689313	14
641591	641442	14
641596	496904	14
1155514	1155367	14
2740211	3287322	14
2740211	3705699	14
649868	1077231	14
649868	1167979	14
649868	2396554	14
649868	356279	14
649914	3614307	14
649914	1610469	14
650011	649914	14
650054	649868	14
4477614	14820	14
964496	166202	14
2751177	2750838	14
2752428	1439423	14
2752428	1524697	14
2754176	99132	14
2754176	3319099	14
2754176	2536529	14
2731053	2730885	14
2731053	2730997	14
2731053	2731089	14
658231	658088	14
2756546	2740818	14
2756626	3286475	14
2756755	2756626	14
2207579	2207003	14
663575	2277403	14
663575	416506	14
664869	3714643	14
1715043	3852145	14
2765030	2622074	14
2396541	2396549	14
2765812	2730916	14
2765831	2765812	14
2396573	2338737	14
2396573	3603962	14
2768079	1421004	14
2768079	3604079	14
463475	463103	14
685928	685757	14
685948	2983355	14
685948	2215999	14
685948	1237099	14
685948	2288514	14
685948	2327653	14
685948	2664945	14
685948	427010	14
685948	2730916	14
685998	891440	14
685998	2206741	14
685998	2216068	14
685998	1210465	14
685998	166378	14
685998	2289387	14
685998	3349730	14
685998	2320358	14
685998	2328117	14
685998	2328234	14
685998	279632	14
685998	685784	14
685998	685788	14
686070	440728	14
686070	3705699	14
686140	2215603	14
686140	3731239	14
686140	685784	14
686203	685814	14
686244	2327503	14
686244	685814	14
686301	685948	14
686589	2665089	14
686602	686589	14
686683	1234216	14
686723	2288739	14
686780	686616	14
686792	2318555	14
686792	3526678	14
686792	1432869	14
686792	1470316	14
686792	2586380	14
686792	3705699	14
686792	3731283	14
686792	686301	14
686792	686474	14
686792	686608	14
1735484	1735424	14
1735542	2730916	14
1735642	2293513	14
1735667	2386906	14
1735727	1735155	14
1735727	1735484	14
1735777	1735542	14
1736535	1736521	14
1736559	1736535	14
1736564	1736559	14
2786698	3161015	14
2786698	1111675	14
2786698	81777	14
2786698	2208709	14
2786698	2396579	14
2786698	1421004	14
2786698	3549444	14
2786698	449622	14
2786698	473066	14
2786698	3626039	14
2786698	1559353	14
1384775	81894	14
1384775	2206741	14
1384775	2277215	14
1384775	1384641	14
1524442	1524228	14
1524442	1524788	14
1747797	1234216	14
1748338	1748023	14
2798044	343093	14
2798057	2206741	14
2798057	338389	14
2798057	343135	14
2798057	2786698	14
2798112	343061	14
2798112	2798057	14
2798130	2277215	14
2798130	2288739	14
2798140	343035	14
2798216	2798130	14
2798317	2798973	14
2798395	685998	14
2798446	343089	14
2798446	2798395	14
686761	686140	14
686761	686683	14
2798560	343135	14
2798569	3667357	14
2798569	2798450	14
2798696	2798112	14
2798696	2798130	14
2798783	343089	14
2798783	343094	14
2798810	2798395	14
2798815	2798938	14
2798815	2798560	14
2798832	2798569	14
2799065	2798112	14
2799275	2798649	14
2799275	343129	14
2799275	2797877	14
2799275	2798670	14
2799367	2798140	14
2799367	2798696	14
2799438	343089	14
2799438	343094	14
2799438	2797789	14
2799438	2798057	14
2799438	2798112	14
2799438	2798140	14
2799438	2798815	14
2799497	2798395	14
2799507	2799275	14
2799549	2797877	14
2799558	2798973	14
2799558	343035	14
2799558	2799226	14
2799700	2798395	14
2799700	2798670	14
2799700	2798815	14
2799795	2798973	14
2799906	2799167	14
2799906	3603091	14
2799906	2798450	14
2799906	2799226	14
2799906	2799507	14
2799906	2799795	14
2799941	2277215	14
2799941	2798112	14
2799941	2798771	14
2799941	2799497	14
2799941	2799700	14
2800087	2799941	14
2800319	343061	14
2800319	2798270	14
2800319	2799486	14
2800319	2799507	14
2800319	2800102	14
2800338	2798815	14
2800338	2799906	14
2800395	2207106	14
2800395	2208709	14
2800395	2251584	14
2800395	3358609	14
2800395	2396554	14
2800395	343091	14
2800395	448913	14
2800395	685998	14
2800395	2798446	14
2800395	2798560	14
2800395	2798696	14
2800460	2798270	14
1341153	99607	14
707035	2288739	14
707039	1234216	14
707039	2188007	14
707039	2328067	14
707039	2586380	14
707039	686792	14
707039	707038	14
1757429	1757110	14
1757429	1757225	14
709146	1421004	14
709146	3667357	14
709146	649868	14
709146	709124	14
709226	1111275	14
709226	3603962	14
709758	416506	14
709954	588774	14
709993	709884	14
709993	709911	14
710096	709884	14
710096	709758	14
710096	709954	14
710096	709993	14
710207	2288739	14
233176	233336	14
1525102	2209927	14
1525102	1470376	14
1525102	1595388	14
1525102	2752428	14
3550339	3550034	14
3550339	3550118	14
3550339	3550689	14
3550339	3711392	14
1764351	2319856	14
1764351	615793	14
1764488	2236398	14
1764614	98069	14
1764726	98069	14
1764726	2236523	14
1764883	2216022	14
1764883	2216159	14
1764883	1181194	14
1764883	2289052	14
1764883	1348408	14
1764883	2591413	14
1764883	2542981	14
1764883	2677685	14
1764883	1166207	14
1764942	99607	14
1764942	2236369	14
1764942	2236398	14
1764942	2236554	14
1764942	2319856	14
1764942	1764420	14
719250	719192	14
719379	719179	14
719473	719200	14
2816982	1134105	14
2817907	707039	14
2817907	2817809	14
722950	1831504	14
722971	2598339	14
3869708	2301954	14
3869708	2301960	14
3869708	2302017	14
2821416	2251781	14
2821416	3343759	14
724267	1385067	14
724267	2756626	14
724267	1764883	14
2821641	2821525	14
1775081	2194761	14
727863	727761	14
2825522	2683056	14
2825564	2509593	14
2825564	430253	14
2825582	2825456	14
2825621	2825545	14
2825661	663575	14
730897	352299	14
3550920	3550271	14
3550920	3550950	14
2830617	707034	14
2830774	707039	14
1345619	1210840	14
1345619	2327503	14
1345619	2328234	14
1345619	2338737	14
1345619	686589	14
3443089	3443058	14
2833578	2974249	14
2833578	2215603	14
2833578	2586380	14
2833578	2740211	14
2833842	2974249	14
2833842	2228905	14
2833842	1470316	14
2833842	663575	14
2833842	686792	14
2834148	724267	14
2834190	3705800	14
2834190	730897	14
2834239	2288739	14
2834239	2289435	14
2834373	2834017	14
1788017	1155143	14
3886420	2228905	14
1790230	1790150	14
1790230	1790218	14
1790293	1790233	14
1790347	1790150	14
1790347	1790218	14
2396542	1559353	14
2396563	2158365	14
2396563	1111675	14
2396563	1112050	14
2396563	2207106	14
2396563	2216159	14
2396563	2228905	14
2396563	2277083	14
2396563	2302944	14
2396563	2327653	14
2396563	2327743	14
2396563	2396552	14
2396563	343093	14
2396563	346390	14
2396563	434510	14
2396563	449796	14
2396563	473066	14
2396563	3626891	14
2396563	505643	14
2396563	1558667	14
2396563	3656645	14
2396563	3731344	14
2396563	2712320	14
2396563	709993	14
2396563	1764883	14
2396563	2834190	14
2845185	2207415	14
2845185	3667357	14
2845484	1197530	14
2845484	1385067	14
2845484	343093	14
2845484	1831504	14
2845484	1558844	14
2845524	2396563	14
2845550	3603962	14
2845550	3604079	14
2845703	1111675	14
2845703	2208580	14
2845703	3358195	14
2845703	2328234	14
2845703	343135	14
2845703	3512232	14
2845703	449622	14
2845703	2550852	14
2845703	3626367	14
2845703	1558667	14
2845703	1559353	14
2845703	2798815	14
2845703	2800319	14
2845753	2289153	14
2845753	60171	14
2845753	2550852	14
2845753	3626367	14
2845753	1558844	14
2845753	2800395	14
2845781	1421062	14
2845781	3604079	14
2845781	3626367	14
2845881	2845185	14
2845881	2845484	14
2845914	2845484	14
2845914	2845687	14
2845914	2845753	14
2845983	3604079	14
2845983	2798395	14
2846088	3626675	14
2846163	2845353	14
2846163	2845550	14
2846163	2845781	14
1348407	1234008	14
1348407	685998	14
1800539	2110673	14
1800820	2121708	14
1800820	416373	14
1800820	416506	14
1800820	1800899	14
1801313	1801360	14
1801328	1801078	14
2849934	3147568	14
2849934	60007	14
2849934	81894	14
2849934	2251584	14
2849934	1212729	14
2849934	1212835	14
2849934	1305900	14
2849934	2396554	14
2849934	434510	14
2849934	3626675	14
2849934	506175	14
2434297	2434469	14
825231	1991735	14
825231	2833842	14
1524349	2363803	14
1524349	2364309	14
1524406	1524228	14
1524406	1524697	14
1524412	1524650	14
1524412	1524442	14
1525332	1524258	14
1525332	1524992	14
2864421	1470316	14
2864421	3731283	14
2864421	685948	14
2864441	2864433	14
2864447	233091	14
2864517	3731344	14
2225161	2730916	14
1818246	60517	14
1818246	2277215	14
1818246	3358609	14
1818246	3550046	14
1818246	3711088	14
1818246	3550339	14
1818393	1818346	14
1818415	1818246	14
1818415	1818334	14
1818460	1210630	14
1818460	1558563	14
1818460	1735600	14
1818460	707039	14
1818460	2396563	14
1818460	1800820	14
1818460	1818278	14
1818481	2121708	14
1818481	1385126	14
1818481	1819097	14
1818493	1818505	14
1818562	1818246	14
1818685	1818481	14
1818811	60163	14
1818811	2121416	14
1818811	1677073	14
1818811	2845484	14
1818811	1818346	14
1818837	1818505	14
1818837	1818811	14
1818843	2206741	14
1818843	3711088	14
1818843	2845753	14
1818860	1818246	14
1818900	1818460	14
1818900	1818843	14
1818948	1818505	14
1819031	1818900	14
1819087	1819097	14
1819087	1818346	14
1819094	1818685	14
1819165	1819087	14
1819197	1818528	14
1819211	1818246	14
1819217	1818528	14
1820737	1820650	14
1820877	1820803	14
2925440	2466363	14
1824246	3156553	14
1824246	229005	14
1824246	1553831	14
1824246	719462	14
1824320	351100	14
1824320	1089556	14
1824320	2237951	14
1824320	2288514	14
1824320	3746622	14
1824320	351075	14
1824320	3542244	14
1824320	1824210	14
1824320	2594372	14
1824320	3731344	14
1824320	663575	14
1824320	686792	14
1824320	719462	14
1824320	2833842	14
1824320	1824285	14
1824375	1824367	14
1824395	1824246	14
1824407	2983301	14
1824407	1234288	14
1824407	1824210	14
1824407	727798	14
1824433	1824367	14
1825869	1431742	14
1828362	1828314	14
1831391	1832475	14
1831412	1831504	14
1831622	1831504	14
1831811	1831414	14
1831839	1831641	14
1831839	1831665	14
1831881	1831504	14
1831881	1831414	14
1831881	1831641	14
1832004	1832475	14
1832004	1831414	14
1832075	1831779	14
1832169	1831504	14
1832194	1832075	14
2880816	3620142	14
1832250	1831711	14
1832250	1831811	14
2880904	2880816	14
1832411	1831358	14
1832703	1831504	14
1832703	1831779	14
3098733	1764777	14
1832767	1831641	14
1832767	1831779	14
1832767	1831881	14
1832767	1832014	14
1832794	1832475	14
1832794	1832250	14
3626060	3626529	14
2053312	2277215	14
2053312	233091	14
2053312	2622074	14
2053312	2800395	14
2053312	1348407	14
2882787	2882748	14
2053867	2053312	14
2888848	1831504	14
2888848	2674798	14
2888848	2765459	14
132441	60430	14
132441	416373	14
132441	1800539	14
1181147	1181253	14
2894854	2289368	14
2894854	2289435	14
2894854	1470376	14
2894854	429062	14
2894896	2983301	14
2894896	428996	14
2894896	1824407	14
2895012	685998	14
2895012	1525102	14
2895012	1824246	14
2895061	2288739	14
2895061	2894989	14
2895079	2894854	14
2895090	1934873	14
2895090	2214123	14
2895090	2289435	14
2895090	232957	14
2895090	429299	14
2895090	2898985	14
2895090	686683	14
2895090	2833842	14
2895090	2894946	14
2895157	2894989	14
2895164	428996	14
2895164	3731283	14
2895164	686589	14
2895217	2894989	14
2895236	2895090	14
2895247	1433051	14
2895247	1470316	14
2895247	2594372	14
2895247	686723	14
2895247	233176	14
2895247	1824407	14
2895247	2895217	14
2895247	2895236	14
2895266	14961	14
2895266	3221327	14
2895266	2215999	14
2895266	2216092	14
2895266	3542428	14
2895266	663575	14
2895266	1345619	14
2895266	2396563	14
2895266	1348407	14
2895266	1350486	14
2895266	2895236	14
2895286	2894938	14
2895286	2895061	14
2895323	2895090	14
1847589	1847575	14
2896842	2786698	14
2897198	2897334	14
2898746	1824320	14
2898897	232907	14
2898897	429299	14
2898897	3751399	14
2898918	1234216	14
2898918	232957	14
2898918	3731344	14
2898918	685948	14
2898952	2898746	14
2898972	2318589	14
2898972	2864421	14
2899044	2898965	14
2900658	1824407	14
2902902	1234216	14
1855946	1855147	14
1856366	1855182	14
1533011	1532568	14
2910209	338390	14
2910209	588774	14
2911682	2911660	14
2911739	2911660	14
2911762	2911601	14
2911773	2911682	14
2919769	2910209	14
2750853	2750838	14
823943	343089	14
823943	2396573	14
824140	2833842	14
824358	2277215	14
824358	2289153	14
824358	3512326	14
824641	823943	14
825716	2396563	14
826045	2277215	14
826045	2289435	14
826124	474955	14
826821	2289435	14
826821	3512326	14
826821	2786698	14
1885450	1234216	14
1885450	1824407	14
1881898	2236465	14
1882262	1764351	14
1882262	1881685	14
2931304	2931207	14
2931418	2931304	14
2236308	98574	14
2236308	1155143	14
2236308	2236333	14
2236308	166132	14
2236308	2288816	14
2236308	346390	14
2236308	405793	14
2236308	3604079	14
2236308	1532611	14
2236308	2586379	14
2236308	1764777	14
2236308	2834190	14
2236511	2236425	14
2236511	1764584	14
1885586	1885477	14
1887439	1887426	14
2942222	1132839	14
2942222	2207003	14
2942222	2228906	14
2943413	2237951	14
1364453	1364918	14
2946129	1234216	14
2946129	1166151	14
2946129	2251955	14
1539693	1434729	14
1539693	1539870	14
2947930	1524697	14
2949056	1234216	14
2949056	2288739	14
852660	686792	14
852660	2895266	14
852750	2173343	14
852750	2289153	14
852801	852573	14
852818	852750	14
1715079	1715062	14
2950553	2950512	14
1530061	1298003	14
1530061	2466363	14
2958534	2396538	14
2958534	2396569	14
2958534	2845185	14
2158576	2158052	14
2158576	2158545	14
2958782	2396581	14
1913697	3159836	14
1913697	3550046	14
1913697	1818505	14
1913697	2731296	14
1913697	1818481	14
1913697	1818925	14
866397	2214123	14
866397	2215999	14
866397	3358609	14
866397	2622074	14
866397	2825564	14
866850	1132420	14
866850	2183102	14
866850	2207106	14
866850	2207415	14
866850	2289368	14
866850	2327503	14
866850	3705832	14
866850	563670	14
866850	2683056	14
866850	2756546	14
866850	686589	14
866850	1764351	14
866850	1345619	14
866850	1824246	14
866850	823943	14
867078	866799	14
867148	866397	14
867148	866850	14
867231	866397	14
867284	867231	14
867416	866503	14
867416	867231	14
867416	867369	14
867525	3286475	14
867525	2598339	14
868012	867416	14
868181	1991735	14
868181	866503	14
868181	867231	14
868181	867284	14
868216	685998	14
868216	724267	14
868216	2834239	14
868216	2895090	14
868552	866503	14
868552	867284	14
868597	867148	14
868597	867696	14
868625	867284	14
868625	867369	14
868660	867148	14
868826	867800	14
868826	868597	14
868838	866503	14
868838	866553	14
868838	868012	14
868909	866987	14
868909	867525	14
868909	868181	14
868909	868360	14
868943	866850	14
2542909	3875980	14
2969126	3287322	14
2969126	852750	14
2969126	2969077	14
2969177	2969126	14
2543075	2542896	14
2543075	2543200	14
2543075	2542981	14
1923925	94083	14
2974385	3705832	14
2974385	3705895	14
2974385	2834239	14
2974385	2891088	14
2974754	2974249	14
2974809	3705895	14
2974809	2834190	14
2974809	866850	14
2975042	2974385	14
1928443	3665992	14
1928443	1928272	14
1931311	1931021	14
883687	94083	14
2981573	3512326	14
2983221	1234216	14
2983221	1210840	14
2983231	232907	14
2983231	233045	14
2983231	233410	14
2983231	1824407	14
2983282	1350486	14
2983316	2983282	14
2983320	2983231	14
3293424	3293429	14
2983350	2983345	14
1934943	2895266	14
1934949	1934943	14
1934981	1934943	14
1935131	1934925	14
1935152	685948	14
1935214	1934873	14
1935225	2216106	14
1935225	2289387	14
1935225	2328234	14
1935225	1935624	14
1935225	2586380	14
1935225	1559353	14
1935225	2833578	14
1935225	2053312	14
1935225	2983282	14
1935225	1934964	14
1935372	1934919	14
1935432	1934873	14
1935491	1934925	14
2984208	2214123	14
1935640	1935152	14
1935670	2207003	14
1935670	2216192	14
1935670	3287322	14
1935670	1234008	14
1935670	2594574	14
1935670	3542244	14
1935670	2798569	14
1935670	2834239	14
1935670	1824407	14
1935670	2898918	14
1935670	1934939	14
1935670	1935131	14
1935699	1935662	14
1935714	14961	14
1935714	1134105	14
1935714	1364592	14
1935714	1433051	14
1935714	2327964	14
1935714	1824407	14
1935714	2895012	14
1935714	1934919	14
1935760	1934889	14
1935792	3287245	14
1935792	1234273	14
1935792	2327503	14
1935792	2586380	14
2594553	685948	14
1935981	2289435	14
1935981	1934943	14
497706	497003	14
497803	497578	14
891624	685998	14
2990100	2598339	14
1942088	1942026	14
1942148	1942026	14
1942814	2895266	14
2991526	1824246	14
2991548	1480390	14
2991548	1825869	14
2991548	1935792	14
1942996	1942857	14
1943012	1942732	14
1943012	1942814	14
2994792	1471610	14
2020200	2277403	14
2020200	2279390	14
2020200	2293380	14
2020200	1385067	14
2020200	346390	14
2020200	685948	14
2020200	1935670	14
900621	727798	14
2999562	2999319	14
3000438	2228905	14
3000438	2277215	14
3000438	1281481	14
3000438	663575	14
3000438	2845484	14
3000438	2894854	14
3000438	2894896	14
3000438	2895247	14
3000438	2974385	14
3000438	1935714	14
3000639	3000508	14
3000655	2289153	14
3000655	3000508	14
3000655	3000639	14
906355	1385126	14
906355	2479182	14
906355	416342	14
906355	1474463	14
908647	2207003	14
908647	2228905	14
908647	473066	14
908647	2845484	14
908647	2845703	14
908648	908647	14
908668	2207106	14
908668	1281976	14
908813	908647	14
908813	908668	14
908846	908668	14
908859	81777	14
908859	2327503	14
908859	416373	14
908859	3604079	14
908859	463654	14
908859	2800395	14
908859	2845185	14
908859	2845464	14
908859	1843416	14
908959	908647	14
2423408	416506	14
2423491	2423217	14
3007297	416506	14
3007297	1480390	14
3007297	2586380	14
3007297	3705699	14
3007297	3731283	14
3007297	2800395	14
3007297	2833578	14
3007297	1824407	14
3007297	2895247	14
3007297	2983231	14
3007297	2983282	14
3007450	3007383	14
3007502	1210840	14
3007502	2279390	14
3007502	3007383	14
3007713	3007502	14
910596	2864421	14
910596	2864517	14
3008011	2207415	14
3008011	2277089	14
3008011	3358195	14
3008011	2396538	14
3008011	3620376	14
3008011	3626675	14
3008011	1558563	14
3008011	588774	14
3008011	1935670	14
3008011	2020200	14
3008057	2396563	14
3008654	2207415	14
3008654	3358609	14
3008654	2396538	14
3008654	2396581	14
3008654	338390	14
3008654	343089	14
3008654	649868	14
3008654	2798057	14
3008654	826045	14
3008654	3008579	14
3008923	2396563	14
3009129	3008766	14
1963113	685948	14
3012372	3012516	14
3012745	1471610	14
917972	2580699	14
917972	2679960	14
917972	1735642	14
918106	918077	14
1966684	1229474	14
3017545	3017375	14
1969843	2849934	14
1881260	1882226	14
3020548	1144881	14
3020548	3020514	14
3020548	3020539	14
3020565	1144881	14
3020565	3020539	14
3020582	3020565	14
3020593	3020582	14
926080	925797	14
926080	926029	14
3024717	3024656	14
1977762	1977433	14
1977782	1977433	14
3026846	3026935	14
3026900	18944	14
3026900	710163	14
519795	519860	14
1980643	2363803	14
1980643	1980576	14
3522706	3522735	14
3522706	3522815	14
3522706	2754176	14
3522706	686140	14
681001	3779362	14
1991698	866850	14
1991799	724258	14
1992056	724267	14
1992235	1992056	14
1995293	1995199	14
950954	950777	14
1999627	18944	14
1999712	19163	14
1999712	2123672	14
1999712	1345619	14
1207111	1207022	14
1999795	1999729	14
1208005	1824407	14
956941	956843	14
1428517	3257212	14
1428517	1430273	14
1428517	1660624	14
1428517	1778358	14
2009159	2748615	14
2009244	2009215	14
2009311	2748615	14
2009311	2009215	14
2009497	1134074	14
2009497	3252054	14
2009497	3251822	14
2009497	2009215	14
2009497	2009241	14
2009634	3251536	14
2009634	3251731	14
2009634	2009241	14
2009634	2009244	14
2009758	2748615	14
2009758	2009159	14
2009758	2009241	14
2009758	2009244	14
2009758	2009311	14
2009764	2009758	14
2009773	2009159	14
2010776	94083	14
964439	1470376	14
964439	1824320	14
964439	2895012	14
964439	964414	14
964439	964415	14
1558882	2207415	14
1558882	3358195	14
1558882	1558530	14
1558882	1676876	14
1558882	3008011	14
1559160	3159836	14
1559160	2157797	14
1559160	1132420	14
1559160	2277083	14
1559160	2293513	14
1559160	2328067	14
1559160	1364592	14
1559160	2327964	14
1559160	3550271	14
1559160	463370	14
1559160	1559198	14
1559160	686792	14
1559160	1384775	14
1559160	2798057	14
1559160	1819087	14
2015337	1643148	14
2015513	2161454	14
1559323	1559095	14
2016284	2214123	14
2016284	866397	14
2016284	1935792	14
2016284	2016104	14
2016332	2016284	14
2016394	2016195	14
2016613	2016220	14
2016689	2016613	14
2016758	2016725	14
2016869	2016284	14
2016932	2016284	14
2017131	2016394	14
2017131	2017024	14
2017131	2017109	14
2017177	2017131	14
2017340	2016841	14
2017340	2017177	14
968769	1991735	14
1384967	60007	14
1384967	3231728	14
1384967	2207003	14
1384967	3358195	14
1384967	3361424	14
1384967	3361464	14
1384967	3550704	14
1384967	416373	14
1384967	3737594	14
1384967	2845753	14
1384967	1818843	14
3066990	3066710	14
3067225	3066990	14
2019507	2158156	14
2019550	2157797	14
2019550	2288739	14
2019550	2293513	14
2019702	2293513	14
2019741	2208709	14
2019741	2293472	14
2019741	2327743	14
2019741	341380	14
2019741	2509593	14
2019741	416373	14
2019741	1470316	14
2019741	3603091	14
2019741	3626039	14
2019741	3626367	14
2019741	3672321	14
2019741	1596430	14
2019741	2680127	14
2019741	2798395	14
2019741	724267	14
2019741	2845753	14
2019741	2931368	14
2020026	133219	14
2020112	2293513	14
2020112	2730916	14
2020149	2019507	14
2020261	2019741	14
2020524	2019857	14
2020524	2020184	14
2020580	2157910	14
2020580	2622074	14
2020580	2020184	14
2020641	2157797	14
2020641	2157910	14
2020641	2020242	14
2020806	2020200	14
2020836	14961	14
2020836	3287245	14
2020836	1210471	14
2020836	2289368	14
2020836	2293472	14
2020836	3470275	14
2020836	343093	14
2020836	431415	14
2020836	3626367	14
2020836	1378568	14
2020836	1596853	14
2020836	4477614	14
2020836	686792	14
2020836	1735667	14
2020836	2845185	14
2020836	2845753	14
2020836	868216	14
2020836	2984208	14
2020836	3008011	14
2301927	2301705	14
2301927	2301960	14
2020898	2020242	14
2020964	2020200	14
2020964	2019741	14
2020964	2020112	14
2020985	2019550	14
2021004	2019702	14
2021175	2020524	14
686728	2288739	14
686728	2289387	14
686728	2289627	14
686728	2338737	14
686728	3731344	14
686728	3755453	14
686728	1936015	14
686728	2991548	14
686775	686616	14
3073019	3884978	14
3073131	2730916	14
3073131	2731296	14
3073131	3884983	14
3073176	133352	14
3073176	220084	14
3073176	2730852	14
3073176	2731296	14
3073176	3884983	14
3073176	3884988	14
3073196	3884988	14
3073196	3073019	14
3073196	3073170	14
3073232	3073196	14
3073270	220124	14
1735690	1735642	14
2026904	2026845	14
2026904	2026868	14
3076491	3075771	14
3080640	1831504	14
3080640	3703974	14
3080640	3737594	14
2034525	2034520	14
2034555	2034520	14
2034668	2034520	14
2034732	2034557	14
451837	452449	14
2786654	2396563	14
3089687	329480	14
2042108	2042065	14
3090854	1530061	14
3091134	2289153	14
3091275	3091134	14
3091552	3091134	14
3091555	440728	14
3091555	2594372	14
3091555	1935670	14
3091705	3091552	14
166231	166312	14
3098580	3098546	14
3098834	2236369	14
3098856	3098546	14
3098856	3098580	14
2053199	2895266	14
2053199	3000508	14
2053199	2053191	14
2053583	2053752	14
2053738	2053533	14
2053773	2053199	14
2053791	685998	14
2053791	1935670	14
2053791	2053526	14
2053815	2053583	14
2053815	2053720	14
2053923	81894	14
2053923	1210794	14
2053923	166132	14
2053923	2328042	14
2053923	1385126	14
2053923	343135	14
2053923	60171	14
2053923	3512232	14
2053923	3526672	14
2053923	463654	14
2053923	2586512	14
2053923	563670	14
2053923	2677685	14
2053923	233176	14
2053923	2825564	14
2053923	2834190	14
2053923	2834239	14
2053923	2845484	14
2053923	1818460	14
2053923	2053865	14
2053923	2894938	14
2053923	2898918	14
2053923	2974385	14
2053923	3000655	14
2053923	2020112	14
2053923	2053191	14
2053923	2053526	14
343088	2277215	14
343088	343091	14
343088	449622	14
343088	2799497	14
343088	2053923	14
343097	2798938	14
343097	2798560	14
343097	2798771	14
343097	2799700	14
343097	2053923	14
343116	2798783	14
343116	2799549	14
343116	2799906	14
343116	343097	14
1042184	2272555	14
2061537	1364565	14
2061538	1364565	14
2061538	2931418	14
3117773	2479182	14
3118918	2194761	14
3118992	2988812	14
3118992	3118782	14
3118992	3118825	14
3118992	3118979	14
519915	519853	14
2074819	3286475	14
2074819	2884287	14
3125740	2594372	14
3125740	1764883	14
3125740	2895164	14
3125740	1935670	14
3125740	686728	14
3125740	3091555	14
3125828	3886420	14
3125837	1385067	14
3125921	3125828	14
3126398	2289153	14
3126398	2328234	14
3126398	343094	14
3126398	416506	14
3126398	1559353	14
3126398	1818811	14
3126398	3000438	14
3126660	1210630	14
3126660	440728	14
3126660	2833842	14
3126660	2895266	14
3126660	3000438	14
3126660	1559160	14
3126660	2053923	14
3126985	81777	14
3126985	2207003	14
3126985	1432932	14
3126985	724267	14
3126985	2834190	14
3126985	3126692	14
1030870	2552178	14
1030870	1991799	14
3129148	3358609	14
1034079	1292736	14
2083554	2083447	14
1035719	1035643	14
1035719	1035704	14
1035748	1035690	14
1035748	1035704	14
522211	522284	14
3133383	2598339	14
3133585	2074819	14
1570898	964439	14
2087664	2074819	14
1039147	1039123	14
1039250	2215603	14
1039250	229035	14
1039250	1470316	14
1039250	1824320	14
1039250	1935792	14
3138074	1155027	14
3138074	1166319	14
349322	319005	14
349322	1430273	14
